4
243
944
250
434
852
517
609
194
366
270
105
491
802
268
328
250
357
946
772
433
863
951
416
876
53
886
854
844
716
584
2
558
171
771
414
454
235
212
479
365
214
601
91
665
617
809
110
163
95
604
0
820
403
103
492
369
9
487
823
62
362
359
435
79
275
517
688
865
961
278
126
710
779
138
241
88
11
58
201
597
10
206
852
64
383
371
658
993
188
649
862
802
750
259
908
682
350
560
459
287
425
374
433
772
288
670
173
530
949
882
981
491
731
131
156
465
416
928
56
749
714
880
557
164
715
320
913
172
250
896
861
356
855
432
133
113
739
849
525
365
226
902
959
673
974
184
861
227
945
209
919
868
158
32
34
520
341
499
654
520
113
771
234
780
744
561
677
745
270
630
812
547
814
945
955
644
159
113
978
739
830
850
190
711
590
893
336
626
209
631
838
763
409
19
828
411
31
268
623
