1372
753
9137
5766
1530
5378
3788
186
2914
9003
7283
7695
8407
1400
1530
6958
5202
6684
9795
2964
2107
1853
7249
9686
5332
9228
9291
8622
5702
128
8588
1782
4034
334
3303
128
4282
9447
3863
4431
5096
9214
1141
3686
8860
2468
9747
1531
115
8978
9541
5704
5826
3730
1711
558
7218
9659
7193
1910
5318
5815
5360
3669
5592
5826
8694
442
6833
3137
153
8136
9479
2749
2353
4043
3616
4571
6627
6905
1077
7433
2323
2310
7138
4151
9574
979
8234
2575
3733
8597
2472
8418
7533
5230
2624
4625
4100
6746
5411
7925
5590
3799
6897
4155
5757
2865
8249
7855
5839
4922
7388
9860
6241
1827
4064
7886
1178
9306
3889
7740
7490
6608
6113
5701
4745
84
6207
430
5316
1921
3558
2149
7746
114
5756
2253
6988
6398
1179
1910
7115
1283
5309
5064
7556
2579
8304
8332
8670
1765
2633
1895
5172
8378
4500
2100
8406
8446
2618
2605
9738
8678
7803
5750
848
1532
2987
4438
3827
755
1209
6642
9563
7929
9866
9048
6767
1353
3525
9669
6647
7610
1127
8547
3120
3144
438
6611
2057
2973
4403
3811
9387
923
1321
2667
4965
8040
5298
3706
4132
1335
4024
936
2882
463
1592
3112
1206
9786
4547
9613
1561
924
1647
1397
3481
8046
9211
3957
5254
6678
2831
6787
409
9605
2209
7578
7573
5468
2788
2238
6661
3020
2427
7260
5605
7593
8252
9309
6093
1402
1007
8231
5496
6447
885
640
9715
2831
102
5456
2561
4830
8947
8465
2906
6471
8122
1238
6756
3164
1095
6757
7658
2071
2839
2290
8536
6299
7976
6970
5753
4908
7453
5337
6008
2056
1838
5736
8658
2560
4267
3974
3245
4439
6817
3362
3586
7830
2566
7331
6789
3018
3070
5860
197
5979
2703
5374
1567
217
3618
6468
7757
6517
8736
2181
2092
1481
5324
3634
4619
133
2544
7645
3375
5863
927
2409
7667
4470
4969
9812
5357
6940
5469
3838
252
7837
8744
2068
2046
1736
1212
1342
3581
4745
1837
3617
3513
1112
5412
2641
2737
594
4198
4151
9563
5633
8463
1883
1171
2267
5128
5406
5040
9188
6936
5399
7394
5025
5190
7272
7464
9194
8028
2252
3262
3291
4871
9023
6259
7032
9067
8106
4376
3370
1027
9993
6997
2345
1159
8843
1382
8264
3174
5654
7250
2696
3699
532
3036
6874
6620
8030
6050
7797
4
6595
899
176
1587
8292
7710
6828
3347
1856
8133
753
635
7751
9808
8244
8505
4782
2158
9202
2168
462
5975
4715
6561
6744
7900
8541
9710
3225
736
4684
9722
3462
6992
8475
6692
1989
2525
6490
5890
871
4763
2685
9521
4549
7746
3988
3099
8486
3089
6332
9858
395
8434
4689
4792
7672
7032
1150
9601
5647
5622
9603
6592
3450
7161
8850
8431
7508
5
998
4826
4996
3134
1296
6298
407
8829
8991
6543
7114
2418
2811
3879
6689
136
4159
5771
4599
4036
3552
9881
2706
1223
7854
5564
1106
4739
5431
7527
7654
9466
1762
9153
3066
8210
7166
9305
6033
2645
6824
8427
3771
2997
9139
8011
8244
1437
5239
590
7993
5554
3064
5177
6007
4104
8834
3713
9394
2705
2558
2433
1439
736
9780
4073
1726
7484
8173
6115
5783
6240
3491
5730
7904
2831
6583
1059
5528
8373
6671
4598
2771
5928
2410
197
1331
4349
5089
2514
5983
7607
8652
2704
2834
9019
9966
8552
9011
6607
2751
1084
2077
9568
6996
5431
5706
1475
540
7475
7681
7827
8313
2005
1000
1145
5641
5027
2872
4586
3329
7061
3308
9994
4453
2457
2693
1230
4982
672
2382
6175
7512
8439
7558
9083
9087
5664
6175
2789
9174
4382
2066
7916
1451
976
9965
266
2970
7684
9787
5219
4053
2845
2350
6957
4749
1823
3083
6702
1999
7783
9761
6897
7518
7064
1544
7235
9928
6416
2594
1658
5512
1289
8785
1636
8488
9003
8741
8845
8225
5774
2399
2027
8673
3134
1000
7540
7
3079
3975
1247
8957
7280
2323
4024
7251
6228
3269
1868
484
5259
9656
20
7655
4311
2224
9503
4805
2538
4597
8072
8865
7157
5306
2679
3369
8380
8030
1075
1496
4773
9519
1813
4709
2175
4741
8408
9659
4894
242
716
534
4261
6964
9321
8791
5789
9461
4513
5412
5969
4255
7662
7679
7004
9199
2907
5969
7162
1653
1215
8883
524
2197
5572
409
9063
6381
1285
1436
2796
5411
5653
4402
8401
8987
2397
7083
7598
3682
3389
1067
8373
1466
3524
4335
1992
6882
5243
8622
8350
4496
3707
6989
9472
5630
6767
3983
9118
9823
276
9064
4271
7420
6780
556
7061
1520
18
9960
4319
1884
1912
2828
1624
119
2957
8612
8301
7062
7418
1602
3723
596
2699
2186
6806
7966
9755
2058
9591
7742
7352
8275
221
6161
9781
8792
8644
2711
7694
7330
2803
1239
2886
9725
9807
2989
3549
7139
2973
5041
3326
5747
7349
3268
8900
8766
1474
3097
5468
8750
7526
2542
1541
8050
6346
1414
5812
2362
8402
597
4420
4732
9023
551
1019
273
5391
4125
6088
8160
31
8597
2697
7780
960
9461
8969
1564
1143
2339
5701
7327
8447
7860
1839
8025
4217
7599
2908
3911
2099
7901
2633
7179
247
2272
8555
5340
5882
1341
3875
8862
8181
9703
639
7913
5008
2409
8654
5592
826
416
8124
3185
5493
243
8507
5724
2159
4448
6275
7297
9227
5236
5520
99
3678
5014
6873
275
7253
592
5921
2626
6803
5083
486
4934
7609
8887
6215
1112
9566
2724
8291
6184
8942
7167
5516
2862
8959
8252
4683
8766
3006
621
4589
6631
8536
1212
8026
4728
2309
2331
454
591
7310
1781
4608
3440
9295
1104
9593
9358
4440
8786
495
7001
9821
3469
7607
4996
2926
4569
6568
2113
1696
2812
9316
6492
9194
1640
6706
8225
5004
4225
8406
6794
7242
633
2195
5977
2694
6859
6567
63
859
2400
1972
4599
1206
2225
9566
3889
943
9609
8592
8606
3990
134
5033
7413
6344
6829
2149
5057
7824
7607
4630
5863
2442
3803
5937
1799
1795
4329
4197
5982
9244
1616
533
1365
9965
1341
935
1467
2999
1330
4965
90
9362
7582
4785
3816
9093
4526
3302
8700
5107
1360
857
5098
210
6575
4734
525
2488
5120
4775
1920
702
6360
4615
7610
9830
9192
2933
4595
233
22
9116
5895
6153
3081
7663
1574
8869
2176
154
1910
8619
352
6388
3702
4183
8745
3552
6063
3642
5603
3890
3593
22
1290
6751
6423
325
7715
6349
5104
1162
1434
4233
5643
15
3898
8280
7318
7773
5432
1157
803
6235
2124
9705
3696
4653
2028
105
9089
2973
6503
6761
3564
375
6299
7694
609
7967
5508
5170
1572
2493
5746
4512
4089
1976
3973
8254
3818
625
4520
4923
151
2870
3783
6750
9739
1559
3422
3294
3431
5333
9839
9392
7150
8982
6847
8443
2685
3318
3791
360
9060
2583
8946
8804
6324
4985
3167
5191
3559
4164
1925
6255
4423
4658
3381
2950
2524
4810
5521
6707
70
1335
5056
7180
2563
1783
1930
201
1533
7615
5190
195
4259
9356
8430
4971
3267
6420
7547
2727
3809
891
1699
4567
9222
4289
7851
2854
2839
9033
1851
4684
4097
7317
2509
2800
7502
7181
8112
475
375
7950
7983
4519
2230
1935
4522
1223
3847
6510
4302
8064
1755
4521
6438
8517
8344
1497
957
688
5552
6473
3742
8044
5771
4836
7898
8848
4452
7980
501
7942
6670
6487
2334
9081
5729
4036
6217
2637
1141
700
3915
2472
1145
5619
5761
6686
9473
2941
2270
9466
4394
3629
5871
4136
2650
1497
1484
705
4185
3209
2365
8029
4406
5663
3878
140
840
6352
1089
4784
610
3456
3447
82
8865
8844
3530
4341
1029
1697
1698
200
1946
4026
5922
3972
7570
8598
6230
1317
7280
24
6284
9158
3731
6472
8235
9285
2366
7175
8468
6998
3216
4272
2612
4243
437
6601
4676
3664
6584
6153
9501
2236
8659
2963
4923
6260
4181
8241
9917
6338
9950
5500
7589
5923
1082
5319
7458
4743
5528
6604
3144
4513
7957
5918
2601
3117
874
3613
6178
881
4207
9448
1044
188
3562
3933
9822
2172
6456
3596
9012
6588
8951
5674
6510
8474
429
5025
4830
7494
7417
5220
5983
374
1972
4079
6871
7302
4451
5069
4138
5101
1484
6564
4203
91
2931
9596
4846
6191
9392
2413
7199
2629
7150
2837
8265
5180
6658
1688
3236
9414
5702
114
2366
1624
5473
5464
2933
1281
7941
1917
4862
9464
5477
7232
6101
398
8881
8195
4289
8514
32
7206
6739
2211
6296
1714
795
9744
2076
7345
9175
8795
9795
6202
249
3373
6145
8364
5028
4195
4660
3632
291
3989
237
7568
8038
7607
521
8998
5834
9065
636
445
7187
8873
2329
5780
9496
7817
4927
5905
4124
8026
2915
4898
8740
2679
4710
6158
3466
3503
6564
7066
9325
8986
6424
232
8675
380
1375
1418
2604
7528
8520
7492
6004
7068
3300
2592
1604
4538
1983
2170
1413
7702
6619
891
4547
315
1734
5028
6490
7017
1624
880
2416
8265
6731
4124
4591
5585
2886
7619
5756
3234
3448
9009
6521
206
7134
9001
5571
1592
5841
4018
3161
7364
5279
6172
1642
3165
1124
8384
1625
4309
5604
2662
2192
3863
7048
5440
3694
4584
5267
7044
3087
3772
9936
167
1446
1701
9290
3748
8329
8695
887
9547
9193
2791
6674
3095
557
5569
1220
9032
9562
3656
4654
5023
4641
4216
2501
2728
7765
7943
2538
9025
6295
3450
3461
7561
1024
2453
4733
2644
6730
9322
3975
7387
5083
8979
1721
7520
2783
3882
9754
6287
4690
3765
3112
7216
9847
9247
1109
5192
5959
9297
6670
6239
6153
6832
4281
4701
5786
5920
5339
3838
6746
9799
1876
6565
9347
4140
6536
9932
8454
3629
1930
2585
2884
352
7670
6668
6933
801
2188
404
4873
7771
6052
1906
2681
6722
2466
726
3961
5180
1608
1077
1436
9104
1682
6700
3524
6678
8226
4862
8180
6350
8856
1529
7572
4541
3102
7799
5985
4450
7918
5265
4030
5911
2928
7709
7691
6275
6883
5816
5360
1900
631
5294
4918
154
1637
6006
9538
6966
8556
2075
9935
801
6137
5301
4135
1649
2450
7111
4045
7590
1535
1905
9690
3339
7045
7221
3411
4616
8096
3478
3443
2965
4845
8781
4970
5448
321
6902
9938
1967
7562
5799
2921
1962
5648
800
6096
3679
7030
141
9855
8097
4915
9417
562
6042
8280
5709
2404
5765
766
470
4807
8073
9741
3909
9070
2432
3563
2143
5415
9126
2463
7733
6487
1692
9361
7982
6947
4779
7248
1056
89
4550
7375
3357
7242
441
9117
6138
9108
1886
767
2651
6975
270
2236
4570
8932
4036
646
3975
2501
2413
2752
3513
9549
972
8112
451
6597
8778
1458
450
9744
2554
9398
4722
5316
7563
6919
5327
9014
790
5465
2121
1600
7703
9070
2977
369
825
1765
2977
3137
218
2464
7416
591
2718
7825
9187
5082
2255
8224
2135
8488
7217
8395
2106
8678
1172
5243
8065
3117
2355
1535
292
3389
9945
8567
2014
1657
1027
9502
8049
9694
8096
5925
7942
2769
7126
7976
2178
8325
4286
4048
9092
3045
5375
5748
6986
3668
3304
2236
5028
6366
6359
2164
2240
6203
135
2298
7412
5328
8518
7764
6091
9297
8084
9729
1510
3111
5831
346
3540
2922
6316
6244
2044
9195
9256
8709
8535
7073
2684
5248
5947
3134
5719
9103
4289
5692
9925
236
8184
5898
3285
2044
7411
1837
9913
7256
3389
9653
6710
2585
5837
269
6811
4000
724
2510
1903
7104
2499
7793
8915
8057
1050
3167
6550
7857
7339
2071
4711
5808
7005
9002
4309
2680
3533
1623
6211
7663
4158
782
2087
1259
1889
2419
641
2825
1536
1410
5801
4090
8676
2233
4961
3371
4230
2678
794
3967
2610
7405
7202
8907
1432
9302
3162
6606
732
146
550
4698
9630
3464
4878
5107
596
9040
2290
1635
6963
6250
7722
3464
7036
652
1626
4299
9890
5911
7685
1486
