330
4241
909
5357
7480
8496
3870
3621
6738
9612
3513
4786
2923
4591
3203
6893
5408
9057
8920
7099
410
6131
6046
4338
4993
2684
3607
4693
7754
1134
2321
9262
4528
1268
1624
792
4817
3787
9915
2422
9375
825
5339
5410
5783
7502
9999
8166
3822
5750
7861
3217
7863
6343
8067
4679
4034
1694
2987
7063
4799
592
7677
4346
2175
6271
1991
5637
1851
6428
5496
5867
6622
5620
4850
3795
7981
8456
9581
9985
9496
509
5944
3427
8776
5708
3850
1770
6071
6742
791
6179
2944
2232
1102
433
4923
7383
7439
2297
7467
5049
26
7898
1027
8224
9730
7351
1266
5651
6225
6050
496
5978
645
8198
384
8582
6168
3569
6389
6730
9853
9532
7169
7818
6262
3577
2489
4703
3859
4056
5124
1012
8548
1589
4578
7937
8752
3410
8089
497
1070
9709
363
5298
3232
1181
1555
200
4096
5486
5262
8302
691
5351
2903
7546
3450
6900
1947
540
9783
2341
379
8307
2108
8786
6703
4812
8399
505
6983
7672
1354
9798
5789
1000
6062
7790
7623
7816
7272
8359
9432
709
3676
119
2726
5388
5966
5112
3718
2481
6015
3077
6595
376
5940
980
5614
5316
643
2240
8879
3162
9399
2994
9194
2241
5410
9179
5133
1320
7250
4928
3110
6851
5980
3250
6817
8756
821
6696
782
2882
9952
5452
673
1945
273
2320
5379
2637
9920
7339
1478
1756
3194
9347
8150
1120
2865
6856
1179
6381
7667
3003
6699
7421
520
4377
3180
2165
3700
4536
8231
7540
4781
5181
6840
1432
2599
3864
9858
4396
6795
4989
1856
1586
4838
8927
9702
985
3070
938
9941
9771
3135
7149
4109
8518
9667
5923
5261
2517
0
7741
7942
9962
538
9501
461
5786
8778
8081
8847
6757
9879
6491
6304
3648
7873
697
6124
8417
6381
6325
2862
4502
3545
2459
7774
8595
3665
978
5813
6614
1194
3785
4397
1048
6396
992
36
243
3037
6480
7439
1355
3496
7608
1930
3786
7069
6149
4637
8011
2594
9693
8747
2562
6983
9544
4036
8183
1110
4699
2634
173
2569
1986
8337
3555
342
5833
1792
631
4918
3832
2996
1458
2787
4393
8195
5060
6159
7879
4909
3676
2033
5477
1135
2051
747
7159
2
5990
1431
7377
4192
143
5455
1627
6279
2911
8204
7501
6245
7898
5111
941
8051
1758
1723
786
2223
5409
3435
1156
7809
3543
3375
7954
8431
2861
170
2399
8876
6149
247
6425
9819
5678
8130
4248
5841
5391
1955
4640
3576
7759
3780
8595
3648
1044
3156
6854
8385
3815
9876
8542
1947
9632
5183
2439
6590
7572
9063
2033
6645
2647
6858
4631
749
1487
3796
8829
8836
7367
7229
853
6509
7292
6707
3710
3072
4040
5426
8810
8957
8104
9744
2107
1473
1132
3110
7993
1041
6427
1736
8850
1139
6673
1781
4623
5725
5366
6537
3710
5701
8139
7552
2321
247
1108
3094
5715
6965
9644
7354
5202
7416
6794
1809
7742
8005
5135
3766
4652
6571
1048
3807
4551
6777
9510
3707
3124
1085
5399
6935
4240
8502
3024
5888
8152
1547
4474
4034
8772
6948
1175
3439
2994
9846
2447
3052
8011
173
7339
8597
5939
1041
6941
4593
4802
1691
7274
9344
1546
3537
5813
2944
4453
701
2730
5599
9629
9564
5075
4267
9655
7106
3818
2853
2525
5466
2844
7589
758
8235
7510
7254
3892
6119
5567
178
1929
7965
2146
664
23
2958
2502
4089
8947
2908
4747
9683
7477
8543
3604
6485
7935
8433
9627
3233
599
2569
837
7119
4355
6309
5844
9214
7728
3600
6963
2517
4223
7763
33
2456
5757
5975
2733
918
3373
6217
1162
8463
852
3095
6639
4467
2640
4807
1486
9206
2454
1686
254
9311
9655
5085
1256
3824
2206
9824
155
8416
1944
2577
6492
8227
7776
8769
5341
3307
1479
7879
1048
1096
9757
3561
5529
8635
1230
5558
5558
9240
4556
7814
9547
6890
6820
6745
4358
5072
8672
956
8732
8997
5481
2955
3670
749
6822
5120
7003
9307
3477
8201
4827
2704
133
8552
4038
8671
5982
9572
9063
5467
9933
1756
1488
9121
624
8476
5875
7490
4170
5544
9610
2697
1956
7701
1859
9323
689
2727
2636
2028
3788
741
503
4509
6015
1097
2810
3155
6338
3283
9238
1956
8799
1341
2497
6715
9678
1961
3394
427
6642
7943
2360
639
6703
2611
1128
8976
5654
5851
5394
9888
9038
7358
9967
6755
1537
8447
3544
8029
432
7369
2214
2998
68
2700
1537
9242
8722
1350
6391
6158
9242
8078
3628
6349
9660
3273
9448
1664
7000
1503
3634
6540
8273
87
5431
3812
1068
8191
1878
1119
3515
2056
2139
9973
3456
3310
1478
4900
6736
838
5815
2719
3463
5712
9401
2437
7457
107
5368
5887
5628
7495
8416
3347
3416
1654
3219
2086
1783
5196
9847
1039
151
3702
7514
6470
9769
2263
5426
1979
4333
9917
1126
1522
9484
3761
2242
1628
2177
1117
4475
4658
8229
8633
6896
2474
4647
3614
6616
908
9892
8635
6238
8494
488
8230
3174
8204
9185
2298
7291
915
5211
814
2838
6044
7214
8951
9213
1110
3233
2292
3238
6476
4617
7334
4630
6054
9682
5027
1738
5419
248
4304
5585
83
3122
3131
5028
379
2076
1899
1091
3330
1488
4671
6862
5296
4561
8675
2988
8519
4035
3954
1915
8177
4842
9829
933
3385
6077
5113
3276
7845
2198
7966
5042
3681
5562
4443
4903
2551
4304
4559
1663
9066
2143
4371
8239
4723
1800
620
8004
1250
7181
8412
4033
5382
4412
8535
5859
1383
3917
6307
2322
9008
820
345
7206
779
6002
7817
9091
933
5038
5274
7763
224
4396
7870
2911
935
9528
6003
1818
1868
1729
5318
3161
349
5653
6371
3059
6710
4228
9671
2305
5392
4275
8550
3521
5014
4336
3625
4301
4552
1773
5279
1155
5768
5499
8308
7937
7650
9189
3695
7840
6025
4533
1973
6138
1900
6342
8187
1432
4792
7656
5160
6060
4679
1962
9273
3623
7638
6359
5215
9065
9796
7855
4835
2563
7846
5697
2729
7162
4391
4354
9714
1275
3773
828
8635
1829
9095
8022
9539
8199
4178
2636
602
1959
5099
795
7349
4332
1887
6395
9438
3497
7869
857
5193
9143
9501
3360
3937
6029
4635
3636
5840
3039
6907
6170
6077
4576
7920
8871
6240
5221
8728
1124
5537
2935
1343
3915
2575
8356
644
9344
8444
6403
9688
9823
3077
8819
5042
9406
3664
1151
4016
7182
4558
399
8889
3172
5312
1294
8093
4494
5829
5924
5005
9108
3761
3744
6999
9421
4586
7923
2186
9387
3868
3307
3816
8756
8125
9658
7209
8606
9002
8899
7980
3862
4863
4657
6201
9452
6982
5012
3810
5039
6183
6297
8583
5745
1678
4644
1800
5174
1403
3661
6389
4462
4866
68
1714
6413
7298
7186
1590
7348
19
8749
3139
4733
7112
4728
9584
8632
3749
4085
961
8461
9562
4728
9064
9037
1709
6153
4437
1738
4277
2997
1721
9295
3138
3906
3320
7613
4027
7549
2429
5460
639
2130
7943
4506
4269
9527
4945
4427
7743
2182
5472
8237
5809
5909
7669
9198
7856
8323
4786
5164
5261
3681
6473
7713
8272
3530
5488
42
1737
7681
961
8386
9890
1302
5438
4687
3953
6260
2130
4953
3850
3130
5522
7218
3568
8995
3666
8679
4444
1093
756
4145
4726
3299
7947
9048
8064
8431
7917
5269
7395
7792
9863
466
5473
9275
9787
2961
537
1153
7269
4726
760
1125
3003
8769
1597
2664
402
1516
789
9299
6301
1597
1605
2976
3169
184
230
8358
180
5269
7803
8031
227
3161
8510
6247
2995
612
5336
3395
7327
5926
559
9324
5216
1214
2681
3351
9499
2177
4447
9442
7843
1555
9933
7068
7568
6150
9910
5474
2600
7740
8485
4770
6281
7210
7102
5054
1880
2523
9554
574
3764
5597
1490
2978
3092
6861
9418
515
9103
5610
1215
8533
8074
2264
2707
9740
4235
1076
3157
7639
4573
4095
8982
6589
1948
3257
1061
1378
656
5227
1677
3670
6631
5760
1140
6363
3307
5281
9892
1442
3827
9372
5591
8353
996
6464
9211
7538
6680
2984
9861
1674
1335
1793
7201
2468
8674
7354
2616
4058
3759
231
3962
1791
4013
5682
9163
2492
5977
1983
9802
7526
8058
2489
9884
2600
8823
5982
3432
739
4873
8117
9835
9502
6283
9335
4651
9803
7789
9521
3833
9879
6039
6340
6224
8221
7435
8135
5002
7433
5299
3354
8017
6580
4474
55
946
4993
8342
823
3118
4210
1955
8159
3051
8872
2683
1957
6136
4629
6977
8946
6365
5903
8750
7254
2224
804
7202
9571
7732
9301
6844
391
8700
7440
4037
9961
1902
5662
9142
7151
9922
7173
1658
7002
1961
3307
8238
1743
9515
7896
5748
5890
8857
3574
183
1809
4305
2696
5481
634
7391
8212
3080
1530
1328
7886
384
3603
7986
1203
8474
7881
312
9647
7201
8634
3514
3931
4437
7624
2633
5014
5000
6580
6543
7519
5622
7608
9685
156
1059
2352
9358
4554
9196
8038
929
5810
287
7786
4548
2212
9990
9466
9203
2387
910
1747
6896
4989
2422
8852
4773
2277
6547
348
2293
8030
4784
5536
1472
9894
8323
90
1045
2684
1867
1904
4449
5456
8373
9648
3750
9878
7102
1286
840
807
7187
4650
2736
4068
8228
121
9059
1143
4023
4222
2541
4584
3976
1308
2167
5208
3342
3995
2584
9422
9017
9116
8167
5148
6167
7387
2494
7229
3047
9472
2394
3197
1621
5954
2623
4133
9939
9337
201
5745
3624
1518
2781
336
4802
4257
9981
3448
4152
4374
3467
7027
5354
4622
6757
2793
9034
4941
9982
4156
2867
1453
222
6714
5207
1919
2783
4851
4232
2457
2232
23
8252
9904
7943
2122
4067
4915
6967
1448
6260
177
3186
8143
3491
6201
1519
5581
2031
588
7452
6151
8329
337
6135
4834
7535
3221
9030
7490
8469
972
4438
909
3109
5097
2465
3323
3742
8069
3353
4989
2488
4032
9585
9943
1655
2721
5802
5690
7197
2203
1066
8450
6762
143
3626
6217
4143
7432
7622
7351
4897
6455
6327
8311
7544
4971
2413
5879
6727
5564
1110
1643
6134
7685
4044
110
5226
5084
1338
7366
4327
207
2510
498
5420
3580
8570
5043
8252
7404
4693
2469
9565
462
6191
6681
5641
3084
5409
576
2674
9036
2786
4118
8483
5893
3431
2968
273
8716
834
131
2368
6106
6395
283
9762
3243
2716
1940
4906
8886
6181
5265
9583
7028
8720
9735
1980
3295
4624
3788
5956
3336
8626
8626
8690
2469
3350
4746
6447
517
663
7830
6893
1554
9012
1568
8320
3730
7059
9904
2188
6745
5388
590
634
2286
8097
4868
1812
1224
3149
8831
991
9893
842
7522
4489
8424
2749
4391
9048
5725
6156
7459
1010
9353
1071
2197
5835
5283
4356
811
7560
552
6445
2944
114
1136
3780
6262
7222
459
2446
3772
2426
4407
6989
620
5146
5922
5360
9060
1392
9094
4165
8414
1410
2149
3663
1390
3093
114
578
2456
5856
5946
7291
1036
8651
9405
4349
3087
5814
2765
3990
5751
9958
4482
3328
5235
7130
4327
611
2324
9180
8708
7416
5051
1507
1433
2808
945
5044
388
1986
6189
6057
7232
3980
3397
1834
6586
4177
7349
5512
3984
2169
677
2489
7001
8102
8554
4733
8411
6778
1643
4095
8701
6118
8030
2407
3161
2638
1903
9132
1453
5608
2236
3239
6591
2723
400
6674
5819
9092
8586
9055
5834
4971
3209
7990
7328
8452
6982
7046
2306
1849
3150
2237
9187
4085
603
8275
5578
3508
7582
9328
3217
7095
6571
5773
3707
2323
2736
7336
9171
3801
7395
145
2446
9568
6712
8913
7309
3725
508
9899
8321
3925
3809
843
9578
7513
1925
5882
942
4160
5969
4852
3123
9411
2892
5008
5641
6114
9946
1134
8151
324
6628
4688
7264
4747
7829
6975
7793
4998
9454
3198
5147
7440
5478
5243
3703
8390
9090
2194
3931
6229
2941
5532
4439
8769
484
68
3356
6163
3649
6506
4234
8058
5057
49
7524
5538
2100
1715
7267
9234
7201
6068
9171
815
5411
5187
1006
6798
9572
6141
2179
9031
4725
6316
9923
5989
9079
669
1320
7930
9881
4767
5442
3903
1550
3991
4495
4680
7850
4785
2293
598
2585
2673
8703
6279
2300
9383
2259
6088
7121
2896
7148
3994
3197
1257
8905
8754
1481
8703
9297
4363
8839
4914
4689
1446
1583
7032
2243
2641
986
4365
4060
5462
970
3256
483
1930
8756
8585
7833
4230
4411
4351
777
1250
1242
2054
2462
5645
1310
3245
6139
3273
9262
6678
6203
84
8856
9078
3926
7185
8201
7068
1212
3621
1352
4927
1809
5165
7583
1503
357
748
5367
3726
5983
1283
2704
5128
245
7417
9450
2572
6715
8618
9154
5679
4405
1436
5596
7590
251
668
138
2801
7960
8743
9430
3064
4014
6581
1650
9117
9931
7135
3561
6384
6720
4145
1585
3377
4451
3707
3728
7712
19
1409
2216
6961
7331
4755
9857
9212
8294
407
4721
5232
245
433
5770
7063
735
6868
4848
5589
6558
7299
1909
2202
2
1968
5843
807
5452
3334
3782
7597
2185
5602
6964
3201
7113
4220
9609
8331
4123
2308
7747
9806
2711
1879
4518
9410
6455
5264
3133
4765
3251
683
335
7664
4775
7285
3946
7501
915
8271
2670
5751
3376
7009
4136
4130
282
6988
5593
4521
3198
9336
2819
5470
897
6412
6272
8140
922
7339
5582
7848
9053
5419
2027
4102
9109
9922
7097
3688
8477
4729
2862
1281
9580
9202
8810
2392
9851
7718
2038
5144
931
7831
2070
2196
1544
9652
5146
2760
5596
3275
2007
3962
8273
4968
9421
6479
3295
4428
8692
8747
6366
7097
728
2352
3825
4202
9726
5207
8975
3855
6946
3197
7247
2309
6223
9508
3647
9620
4585
9787
2321
1139
8699
8
7747
6678
3368
2097
1385
3239
1200
1194
1226
6291
9057
2072
6755
3675
6151
4228
1803
1850
1074
1260
6021
5286
6514
7971
9387
7024
3602
9976
3086
7814
4382
1637
3959
2072
8386
1598
6632
2263
2160
8889
2132
4473
1725
8749
5687
586
4665
3090
5091
8860
2138
8792
7577
9359
2052
8164
7568
811
5527
1525
6597
2234
7124
3525
4544
4339
8381
1659
6430
1265
2201
2237
2624
7026
9088
9506
6800
7579
7945
2213
4171
3369
286
1894
2287
2418
5640
3435
9762
7418
8141
1316
1484
1666
3090
2524
1539
9562
6574
1867
225
7479
286
7481
2708
5344
8366
7196
273
9458
4538
3058
630
3172
1505
2890
7355
7828
9507
6621
1668
4464
6999
1322
7942
4897
6380
1055
4419
7730
6842
6932
8676
9694
9091
6641
498
663
5435
1743
3024
3347
9569
9756
6233
9713
6073
4136
9297
2330
5720
3117
7995
5442
2155
9275
2487
5773
708
5265
293
3022
4787
7544
3083
9083
9629
6729
1262
3996
7275
4783
4512
9299
5617
3719
3959
9525
3049
2468
9478
2550
4059
3455
5386
3315
4428
6379
1155
9033
6641
598
2125
3875
6462
5756
4314
4016
4927
5478
2462
2627
7585
368
2854
1284
3582
8455
7045
8500
4276
7057
2637
2766
673
7767
6166
9704
2237
9293
2159
153
3492
3075
7758
6788
8703
7124
7397
7299
9309
4587
8755
3663
1171
4629
9412
9579
8317
9937
9735
2449
912
6148
4010
2340
5262
8682
6355
6629
9876
2807
6989
6544
7603
7979
6029
7334
1705
1011
7377
8198
7804
7724
2324
5909
4323
5971
4640
829
8705
952
4272
7665
8511
3425
8497
3470
804
4347
3685
1948
6339
3131
6387
5588
3522
4258
9086
9245
386
6847
4608
9599
3728
6862
5731
7032
7495
4222
509
6668
7103
4656
421
9527
54
8796
9238
6590
8169
5422
831
3844
5600
7293
6644
8488
4259
4572
6516
6364
4461
6522
4840
9952
3692
7012
3749
8925
7745
3018
7966
5566
4170
7390
5818
2184
361
6104
5661
4586
8801
3959
6757
9807
141
1395
9828
6368
813
4574
6372
3495
3533
9353
6028
8591
9972
8482
558
3079
6998
4794
8154
517
1174
6357
5202
3447
7372
2427
5403
5348
3919
4363
4221
4673
4991
8607
1639
2320
8993
667
4482
1875
4680
7519
880
2190
6524
3756
4833
5915
3722
899
7698
1718
3224
6441
1426
6169
6835
775
4754
7730
5703
13
7145
5055
5146
7799
8593
6508
9989
5111
8898
2724
6800
9602
5192
8115
1545
8375
7635
7644
3249
1481
1547
5094
3491
8238
3454
9553
6434
6145
4872
4087
8382
4546
6990
4573
7010
140
135
8168
2829
6903
7911
4477
9227
132
6504
929
7327
5494
2648
7567
1391
8736
9754
4040
7548
9001
9785
4932
6973
2268
6512
7030
1431
9868
7103
5486
6875
805
7371
3368
4220
8238
1573
9042
6283
9818
309
2011
1121
8909
5571
3847
7640
9932
2737
5135
2342
7373
9000
4309
3127
7118
8638
6549
3622
1409
8769
2071
8009
7829
387
6960
5702
7568
306
5256
2453
968
6578
5047
6131
833
8697
6889
3551
144
8742
8017
694
5630
7359
1609
6534
57
6502
6615
816
1988
776
3099
1135
2415
6642
3941
6416
1889
656
5139
1613
7233
5731
8392
3386
4357
861
4488
2474
3825
7884
160
3134
3953
2705
8323
8572
8690
9133
1343
7561
8458
6087
9711
9875
7224
6188
9465
8589
1158
35
7350
5111
6667
332
482
3865
8909
4468
2473
6220
7971
4743
2994
8917
3017
3667
232
4543
5469
2517
8883
1364
4950
4739
2390
1335
8932
2565
2049
5937
50
9424
5078
3911
6392
8929
1177
6916
6749
1538
5232
504
4122
9436
9402
844
9562
441
5692
6593
8589
436
2022
9013
9964
192
1444
9089
3238
4034
8945
1137
1849
3291
9494
7696
2477
6566
3568
9744
5162
475
1728
3555
5481
7229
1612
1850
9464
2886
5938
5335
5351
2877
7468
2864
1824
8385
6719
2931
6980
9669
1053
5264
624
8424
1291
8168
5886
7439
1597
4256
8871
9026
9645
8082
9350
6512
8587
6336
8
1023
7902
4805
3456
9268
5497
4586
8919
1067
2569
5746
7152
7556
7434
2787
8233
6202
9416
7409
7278
577
835
3097
1672
1740
7725
4647
8323
24
2989
5156
9661
952
2566
575
8409
237
4625
2519
68
9938
7478
674
9743
7026
4634
5693
9626
1206
3554
8561
2482
6719
1558
7502
1938
5372
689
5575
325
1609
9397
2521
1771
6948
3243
4857
1577
1485
1240
3785
619
9785
9883
9031
7365
6515
1154
3171
6615
8672
3677
3450
8574
4701
7690
9875
7463
1495
5199
2150
7535
5287
6695
324
1046
7096
9283
3943
7043
3478
1426
2727
5968
2309
5931
421
5749
3707
1319
7720
6290
9099
636
8065
5222
2559
4259
3725
413
6113
8395
8696
7671
8214
775
3320
4899
7799
1586
3453
8298
430
4227
434
1624
9882
747
4416
6340
1294
9563
8704
1569
6428
4771
7563
2046
7193
2741
3600
5256
6605
8280
2656
639
5706
457
8202
8517
71
7179
2270
8211
4280
7919
8848
4470
9995
1503
3611
4102
7729
4388
2208
9080
6886
4615
1002
5833
7120
8436
4270
3274
1088
9531
9796
2012
4872
209
6236
9393
6458
4675
768
1522
7960
2314
5013
8686
5997
474
2716
6831
5478
7060
219
3769
6815
8204
2915
3772
9062
8436
5453
9945
382
8311
3510
5522
3011
9603
7909
1801
3396
4189
293
3450
4482
5960
1651
7333
4051
3552
902
7923
7795
929
7061
6266
4936
5301
9
4651
3169
810
5649
6185
3595
5345
2908
3316
6383
515
4903
3571
6090
974
8834
5296
6378
4653
6145
1422
1666
6854
1004
7941
5819
205
5971
9662
776
8710
5650
5258
1124
6136
701
5292
5242
3404
9592
6999
5632
9301
3958
98
9632
5273
780
2505
2596
7677
7712
2893
7166
8784
8467
3163
2306
4510
8457
5529
2113
3668
8529
157
5587
1203
4181
6344
4095
4813
8624
9263
6042
6589
5366
3227
4538
5891
3541
5254
5877
7245
6518
3062
5195
5729
5248
343
6637
9494
2857
6528
4936
1859
3706
5719
6306
463
7902
6112
992
7144
6422
8880
6337
5823
5228
3985
6635
7280
9346
574
3936
8239
8279
8750
3164
3086
2517
5629
1038
9579
5690
8246
8784
6214
6896
5773
2837
2352
8843
2840
7423
1504
3663
2766
2314
4831
3164
3576
2312
5747
3895
500
8297
4936
7142
2120
1974
7338
2103
6995
4315
8400
8541
1279
1887
2098
3832
2451
2177
3499
9857
2197
3904
8201
7007
1404
775
4257
5672
3764
2708
3776
3704
3771
1652
1548
4199
6184
1196
4282
8362
4459
4214
2440
9640
2671
7094
4810
8407
8524
7592
4962
5843
3322
1961
7704
2170
9456
5598
905
8599
6586
8676
3468
3144
4392
1797
7984
4142
1443
7716
3713
2562
186
4469
5081
4494
4635
5852
8883
4943
6830
1424
9066
7349
5979
7644
8976
9476
3372
5986
7948
2410
2252
7388
3499
3821
5487
9632
374
2960
4539
6127
4036
9458
6372
5067
2886
6740
6406
9315
8288
6421
6715
2732
4744
5996
6172
9613
407
6160
2436
375
3692
5767
2049
3359
9792
3514
5555
90
7636
1201
3463
3412
3206
32
3949
9084
9603
9005
8916
3856
198
4253
152
4320
3342
1915
4626
8754
7982
4804
3166
1713
734
8258
9418
5714
9711
8530
6378
7126
1980
2740
2056
7253
8780
7359
1784
7085
5107
6558
9642
5478
2360
6715
4057
145
4834
2070
3600
6813
2667
4995
5244
3797
5687
7773
1325
9865
1725
1850
2374
8936
3572
9117
3780
1335
8761
9458
8459
1040
3004
5690
9579
7802
4155
6099
2273
3857
9078
8706
8586
3058
3010
8160
9059
1686
8217
7055
6173
3544
4126
7511
5260
4404
7374
5729
5726
9693
6146
815
7368
5691
7633
5701
3915
8960
4786
2761
5526
438
3712
3395
2805
8070
3302
7648
4775
2359
1609
3929
3758
9954
981
2539
2048
3550
5904
1827
1882
8172
5210
872
5219
9425
806
1972
4830
6523
6098
7072
3866
8146
6274
3788
7396
7437
4396
8328
6652
270
8172
2609
3541
9995
1735
1483
4565
4618
5116
6839
9356
8456
8662
2962
9394
5430
3231
4523
825
2288
9823
8142
3314
731
4850
3265
8187
2459
4535
7658
7014
5022
9684
7739
3188
1481
8855
7675
8800
6925
9848
2386
6553
9204
9370
8449
455
7646
7552
8476
751
9683
268
9493
7825
2788
8226
7878
863
3587
1900
6411
56
4763
4583
4905
2738
5534
5610
3311
5765
4937
8742
3320
2548
5302
7417
1305
3527
1709
7965
6493
7204
9143
6157
827
8157
9842
1048
6192
6226
3578
814
9919
3543
9946
3831
386
7136
110
8243
2747
9352
9060
492
9867
4769
9615
4568
5070
3062
7864
3082
2978
29
8001
488
1074
5112
631
8487
9123
3994
7028
7906
8026
7511
5629
5290
7223
5348
4351
855
19
1245
8465
8749
1633
6933
9222
7578
1316
4584
2513
9275
9437
3773
6453
9534
3887
1575
8840
8610
1730
331
2324
8283
7455
5451
1194
7714
6078
7841
867
6697
2282
119
6164
4700
9870
5283
7789
6211
1311
7121
3630
3364
4325
4312
8982
3653
7382
7038
5018
3327
9601
1895
5391
9774
7348
3449
3316
4197
7819
4283
1566
6638
8422
9659
9777
9135
3493
3327
1480
6584
1890
7204
1970
505
3083
5778
9161
9809
6059
4561
768
8913
4485
1188
5976
4479
9100
6259
9999
2406
9121
2326
6134
2154
8169
1805
9005
1353
7834
6638
1149
1789
1827
4374
737
6830
8213
6656
8962
485
3458
4819
6782
4172
2625
6389
6548
1216
5722
526
3151
4392
1572
7543
2029
9264
8969
6929
2442
3918
9970
9794
9678
6085
1588
3787
2943
8104
9415
4421
7796
2566
6991
4345
312
9939
3289
734
87
7864
6324
3053
4232
7665
1081
8913
7271
3220
1720
9371
3934
6018
9488
689
3039
7317
9819
3974
7089
2441
3876
4757
3364
8007
2566
9095
6610
3644
1890
7332
1429
121
7532
3510
6559
9476
787
8297
6506
9675
491
7070
8140
4552
3001
3327
8262
1952
4154
1581
6073
2438
4752
1077
470
3533
570
321
2513
1434
5871
4330
8449
3816
855
8539
8791
8724
3334
5457
3496
4841
4758
207
4824
6534
6928
4334
3221
107
4294
5026
4429
1491
9792
9687
1517
363
9633
7658
1160
8065
725
5652
1264
5400
6985
4897
3315
6615
4071
8703
4197
7409
333
3122
7766
5567
7673
676
8064
1561
6579
4202
7840
469
39
4193
3214
2022
4701
3575
7098
21
7959
8311
9509
573
630
3052
7705
5744
6058
7686
8022
5943
5268
523
7803
5991
4537
260
1037
2447
3653
856
8278
8446
9497
3783
6845
9473
2772
4092
9005
7082
4825
6
3989
7452
6754
1568
4588
4291
6257
2635
6159
6273
9167
1693
4265
4754
8259
7267
5934
2113
5504
3250
483
2979
4875
1691
2861
5281
4696
45
8068
5364
2480
1285
2756
2457
6529
2080
4593
1476
8002
209
9716
3280
9361
7101
6774
1892
8652
9556
4087
2546
4776
1498
3243
5385
2769
6611
8099
4026
9358
2734
5876
695
4144
4472
1557
9671
3751
4929
7834
6231
2753
4972
6936
123
3888
8415
965
1441
6919
6203
1501
5142
7105
6245
9187
1778
445
6979
5554
4703
1098
6466
1615
2519
9675
7156
6014
8587
968
9159
5645
3488
7313
1136
112
9011
639
2807
6330
3661
6248
6172
516
978
3838
1671
9374
2900
5014
93
431
8308
8560
6430
2427
6248
1223
8796
3568
2488
1479
5750
844
979
9398
738
2511
7663
7777
9721
3529
6749
6964
3595
6752
2074
1669
6420
9231
4161
781
5879
8750
1998
7732
4406
5770
5326
1640
7300
5410
627
5642
9809
9197
3652
1365
8565
5947
960
3035
2872
7334
7283
5486
413
9508
9809
1816
8735
7404
9071
2168
4532
5747
2081
4650
3326
354
1742
9377
6960
5462
8463
7635
9774
4819
8599
3233
4333
117
9101
6162
3769
5525
6388
8795
4805
2037
6091
2605
1533
2296
9232
7642
6232
609
6288
7701
7098
5558
9770
2502
2709
7328
3329
3703
2607
3250
3952
7519
1614
3540
4728
7416
3168
2475
980
9870
3336
4454
9918
8886
6962
1528
2186
7320
7320
4653
3120
4059
9149
6586
8295
9196
1142
2214
4637
6394
729
4703
9235
4178
4141
8954
6421
9346
8641
9499
8151
523
7945
989
6683
9192
9138
2734
6896
3477
5831
4762
6692
430
7180
5411
2713
3846
7048
4666
9510
5681
3055
5916
8740
4782
7789
4908
9417
8132
3727
4617
6274
7911
7596
8924
1944
5399
961
2816
4245
2838
1737
4989
7025
4164
8523
2035
8933
5849
221
4704
2960
7022
4119
1375
8119
6680
4530
3581
7271
6450
5904
8009
9367
2085
2885
1063
7929
2823
3570
7456
591
5422
9250
6938
5706
5967
9822
4256
4381
360
4267
6958
656
8069
3779
3003
8721
7331
1249
9378
4276
3199
5190
5119
9947
7226
2728
1651
9089
6348
9066
5572
5505
3409
6535
197
1588
4868
24
3149
5574
5527
9205
646
2714
7852
5704
8404
420
9571
1341
6463
1652
5569
8869
4639
6083
1209
5642
5812
2165
8874
9389
6735
9870
4676
2075
1553
8210
5607
9582
7998
4453
3435
6192
3052
6433
8246
4810
5694
4085
9757
234
9768
6250
1739
1443
9422
6929
3319
9582
7037
9880
388
4943
822
748
3642
210
1427
6665
3805
5668
1543
5996
7399
3214
6422
5465
9559
6172
1469
776
3189
7468
480
6683
9440
690
5103
6938
2182
969
9012
8207
8416
1139
1451
7662
4088
9681
6510
6668
8023
2654
2780
9889
1343
2901
1174
5223
4066
1012
6310
2210
6062
6216
2172
7498
1509
7896
6246
5027
9149
253
1962
1854
6256
94
7188
3768
1985
5115
1383
7536
1500
3200
82
6294
6344
7785
6192
4719
9069
1444
3291
8213
4700
9361
9647
8763
1071
7142
2775
4174
9997
5040
5110
7784
7322
3076
3827
206
3001
4100
3506
3720
7119
7309
7403
7441
9254
1196
5306
4644
9658
3249
4162
7078
7667
2204
3022
9363
9936
8643
8646
9633
2092
5157
1754
2497
8080
809
8910
2756
5557
7200
962
1193
4756
5642
7981
3316
9436
1972
5557
4587
8302
110
1230
6554
9753
6187
3453
6518
1229
3842
4327
9327
9054
4337
1531
4638
743
8993
9208
6958
5720
7332
4524
1095
4574
8907
6651
2357
5694
8564
5192
2023
3197
5873
1379
1507
5999
5604
3407
8071
2522
8326
6927
5691
8038
1143
1532
6642
7267
8975
8549
2960
487
5603
3156
8821
4579
6228
5065
7062
5088
6833
9781
6669
9915
7324
1333
7511
8683
7210
1161
6539
5899
7204
3440
5115
6424
9211
5538
83
6744
120
506
9646
6421
9217
2205
2135
3173
1224
1883
7309
6279
9949
897
384
9932
7828
5049
7576
9616
9169
9839
8630
1236
304
8688
7873
169
4977
6705
6402
9642
3552
4121
4844
2214
8675
8684
2018
7737
5308
1397
6829
423
9406
1040
3253
564
5005
7761
2924
931
1022
6212
4634
1000
2542
5554
2963
3324
6478
3772
7573
5309
8539
9912
7646
7551
6092
9109
9834
1988
6932
1596
1977
3763
4360
165
3455
23
2907
2163
8790
4023
3924
2157
7886
1917
9393
7210
4372
1238
5989
728
4976
8213
3084
1737
328
9412
928
3611
5346
5576
6164
4307
7191
3183
6669
3061
9667
5769
5665
6770
6025
6720
3799
1406
3268
8966
6846
7052
7656
1961
2922
7289
8198
7446
8793
8818
7918
3863
5075
4371
3887
3418
7104
4781
1914
9936
2515
5619
8069
6093
2676
3586
5035
1571
8284
2474
8368
9078
7273
1565
5250
7820
7729
9186
2060
7667
3716
9158
5476
3406
6298
9505
2484
94
2795
2544
5974
5385
5933
8309
6600
4057
9976
6199
5502
7763
5766
5126
1927
8930
598
9951
4792
2481
7007
6568
8021
3314
4882
4058
5854
6285
9144
5736
4198
199
7162
6960
6430
5742
1760
300
6400
1951
7617
7173
7512
4037
7273
4902
9517
6079
3400
1288
4413
1708
1495
6671
294
8837
3398
256
4097
3927
561
5581
7896
3771
8497
4191
9352
8004
1438
5391
2386
7301
7826
7633
1292
5356
3161
8349
1925
4191
2245
3851
1861
4337
1502
1082
5394
7617
3702
6942
7039
9536
9466
7092
9759
8733
3620
6178
7399
3118
5405
5872
1954
2909
1873
9917
8222
4221
6299
6320
2531
5271
479
9260
9780
6805
8054
9038
6270
6906
9028
9446
365
5757
1829
4336
2110
4640
7238
7230
703
1041
225
2660
9043
9388
6768
415
1409
202
8290
8098
4812
3275
7371
2447
222
9660
5125
7071
9181
1444
7509
2270
6271
9713
5128
9622
6682
6154
6445
2758
1668
6928
4060
9854
6457
1734
2563
2890
6715
3178
3954
8873
9652
5535
6252
8201
727
6936
8398
4816
1380
4051
3420
1625
3306
7248
8439
8217
7910
4285
5947
1038
8474
847
2436
3667
4489
5679
5840
4690
5919
3151
607
4519
4542
4759
7704
2716
7059
5504
4294
4342
1542
8539
8239
6363
7504
4543
3652
4815
8903
5486
9380
3466
1685
3219
444
7543
6727
1739
4601
8859
4113
9053
6670
3376
2719
4246
3505
782
9142
8213
3647
6581
2888
5824
1440
7481
6775
8801
6805
8026
9201
1217
5822
6078
1321
9312
9832
5422
7702
6206
8548
5482
53
8728
1298
8857
7706
8274
7516
1490
3780
7149
3887
4928
2574
4374
36
1541
1041
3739
654
6494
7095
9946
1435
9439
7034
8392
7949
4715
555
9963
8995
4465
5327
8837
7936
5526
4276
1101
3677
1596
2337
5020
1274
3244
7547
8320
1631
2549
3875
2256
65
5872
909
6925
97
3567
6044
6657
8862
2018
2761
9656
5802
6614
9187
4055
8890
7771
1984
7501
6343
4576
6145
1364
8930
4540
8435
3428
9861
7868
8946
5669
3124
7412
3080
7214
9970
7588
3235
1983
927
5833
1877
3031
4079
604
4901
9971
3830
2891
3363
3796
2336
34
2280
9612
9533
4198
5307
6388
9577
7998
6064
7549
6938
942
5084
8369
4466
641
900
2453
7349
6482
8530
5694
5188
5671
1897
9612
2951
3131
96
1239
5322
9750
2602
7877
2718
220
6055
4550
1840
2159
6771
348
8215
2289
5036
7322
3879
4938
1457
1303
8722
5873
7541
7567
2942
9131
7411
5687
418
7534
9388
5435
7322
3137
6684
9925
9162
8834
6650
9916
6766
3267
2094
4871
5840
6034
5325
4092
2083
4547
8063
5642
9388
2572
4530
3471
4913
685
7703
3623
5178
41
2778
1746
1731
3110
832
1632
1139
6317
377
5467
5239
2366
788
8881
2808
8932
4674
7933
4987
4560
1842
6993
6839
7653
8764
8818
7297
7775
7833
6672
2051
240
5151
6625
6043
9353
59
6537
3279
2513
6231
9271
4015
9621
7995
5855
35
1500
239
303
5811
8694
8767
1969
6565
3985
8791
9420
3009
9623
4654
4647
6673
6583
6319
4107
804
3886
1553
1620
3570
4098
9001
2804
1449
6651
8838
8276
8709
3918
618
4872
8463
8087
5048
7597
9148
5475
8904
1953
9558
5960
3768
7295
5993
4961
7133
6470
5443
6857
6631
5814
6318
1555
274
4358
7562
3668
7032
2964
1811
4558
6868
5162
8690
9609
290
1241
1023
2448
6499
3941
5812
6198
4300
7789
8157
5411
2893
4517
3036
862
5951
4962
2665
5769
8551
7473
3782
532
4791
5412
4992
1071
9172
6522
8737
9823
1042
7882
2771
2396
4859
6156
9359
7893
1278
852
2548
2160
2100
3787
3827
6434
6862
2348
2102
1031
7451
936
4321
31
5030
743
8512
453
3259
3980
8016
4813
218
6579
3099
1450
4132
6425
8171
5641
6643
5464
6367
5453
4390
526
4987
5240
4009
2025
8841
3202
4787
977
7230
5897
7577
978
4888
1670
6000
9828
9043
4728
8816
1593
2923
287
1251
6802
1099
9270
1645
3150
4212
6846
9222
9920
9945
7972
306
3116
2839
6990
802
4206
9794
6695
6740
9736
7595
900
3717
8038
334
4306
5254
798
4327
5342
1820
5657
3620
4225
8689
1785
3254
6150
9161
327
3953
2650
1055
1514
3779
8382
3501
869
5489
6331
2058
3373
5485
1108
4942
5573
4564
1649
7010
3353
5972
2573
9058
8676
3226
6781
9972
4990
9513
4682
3090
3541
5703
3278
8546
5254
3489
664
8680
1544
5151
1259
3937
7670
18
9769
6848
1607
3690
2967
9062
5596
4196
2062
4714
4773
4657
6862
6632
5152
7986
7326
6726
4703
9646
5956
7921
4580
1190
5709
8806
1580
9840
5242
1644
6
7391
3624
3407
3503
4740
3002
8152
6075
7998
581
4327
9969
9372
5688
1875
6627
8451
1845
5768
4473
716
9937
3519
2041
821
7924
251
613
6967
9052
3487
4386
8887
3349
6286
5296
8102
4813
1146
8938
5923
1351
9870
7132
5681
5615
5415
812
7843
6196
9053
7319
6099
7207
4719
6329
9442
1567
2204
5352
5289
3958
8286
4781
9774
787
9361
7536
4595
3605
7458
5503
8729
2696
9570
6378
4050
6567
7562
7614
1811
9311
2584
1133
9544
5004
4039
8038
5009
1666
1917
5686
1530
1210
93
251
2777
7863
7725
5841
2336
8980
1923
6891
8547
2956
7688
4047
8611
8309
7198
5278
9337
4473
8974
254
4350
8739
1066
6343
1447
3859
6353
4886
5742
6142
6912
273
6443
5349
310
1896
4273
287
6192
5796
7333
6182
4307
575
7370
252
1289
6607
8424
8999
8706
6176
1723
2448
6891
1357
3223
4980
4636
3115
1000
7317
6188
1026
9032
4256
655
329
7146
395
6127
125
3716
315
2376
589
3193
8863
2749
709
6468
1789
6809
6118
6049
1415
3440
1886
869
5290
3252
4217
5614
7715
5363
6227
3652
605
4941
6264
6783
2555
1347
491
2770
7214
4635
8127
9861
8148
2672
1269
9953
6366
3110
6707
4469
557
588
621
2229
2520
7578
3939
8594
8956
3674
935
4324
7536
7219
521
9283
3939
5248
4865
5958
2341
7919
8792
7138
2191
6325
7507
2596
6383
9790
6348
7146
4852
3587
8495
4780
6483
644
1423
7768
1332
3477
4371
2475
9724
150
80
9355
375
1769
8963
6817
7233
3704
1499
9012
8066
5263
9905
2688
132
1573
1750
9942
2962
5576
7
29
95
1862
2127
2918
5935
3880
1113
2477
7030
5641
9840
5611
5051
3572
2038
3049
8937
2251
9869
959
6354
3348
3221
7002
352
9566
9619
8731
2890
4993
5946
4396
2847
7571
1320
6958
6242
2023
5088
6671
5986
2753
463
3831
5716
5076
9213
7185
9391
5004
4147
8614
4596
8743
5891
5908
8456
9629
9688
6126
2464
9825
3435
2174
4216
9680
9006
2278
9904
8423
7209
3203
1203
4689
8576
7186
1253
8797
6525
9053
9192
6814
3711
3582
1179
5356
6974
4932
400
5207
3849
8899
2936
6764
2430
5910
2350
8001
1766
4992
1884
4554
2299
2287
1230
222
1046
5378
4049
1955
9801
7777
8487
4661
4582
3483
5819
9318
1130
9277
3323
5632
3914
4158
1990
854
5080
5224
7156
3385
5090
6240
8748
2741
3303
9047
4198
7035
6342
8841
2686
1786
6246
1922
481
8903
1164
5360
4936
2203
4780
3156
9374
7131
8191
5410
7855
979
5996
344
9615
908
1814
5052
6868
5453
4659
1005
4273
3149
773
1052
2175
5846
6214
931
6538
1013
9460
1571
1862
1038
4071
1964
2061
125
6683
2789
7542
4903
5391
7595
82
2911
1864
2710
150
8788
4034
8647
9776
8247
1813
2254
2761
8059
4992
6601
5782
9397
756
8214
5594
4243
255
8313
8843
9225
7812
3033
655
3798
5956
7972
931
3973
4443
4227
8855
8080
4025
4265
7530
3342
8203
2101
3438
8125
9221
2198
888
6971
4063
5918
9782
3422
7817
95
4493
6948
1996
242
8269
5380
2479
1191
883
2099
2611
4023
6988
7683
4939
6453
5217
2918
651
5603
516
4784
6172
6208
4596
7882
1864
463
4864
4595
6361
8755
7046
2705
3113
4374
87
3829
741
8233
7465
7245
4643
5062
9960
6531
3069
5729
4554
9058
9433
8941
8189
6904
3062
8058
7952
1415
8149
1292
4891
4598
4433
8648
875
7269
1277
8743
3006
206
4553
429
6423
3350
4257
2195
9887
3282
1810
8624
4249
7239
3416
9398
9439
4090
1929
3321
3854
5846
6088
7035
3979
5851
632
8370
8704
2771
9981
7162
6215
9521
4784
5031
2098
1363
3967
2611
4805
3718
1918
7238
2945
3032
6926
692
9069
9448
2792
8880
6803
7849
9079
3502
9220
8998
3935
1541
5337
5216
5373
3603
3111
7491
1245
9339
5710
6711
6370
6842
2686
305
5558
2808
9127
5193
1678
5129
4363
3767
5064
1219
5250
4439
3060
9642
8618
8635
508
1190
8441
3472
8130
9734
8785
9352
9956
3886
4462
1286
7742
7820
4095
3193
3949
7561
1950
3183
5611
2922
3294
6443
8076
7510
3792
3154
4084
5026
8322
9487
5954
888
6581
4550
7469
5927
3529
9301
8810
8771
4103
2710
1191
2253
3162
9729
4343
3165
3627
4718
7739
1163
2104
521
4569
2398
7969
6798
2699
700
1102
6612
3222
559
8768
7942
4933
1897
19
1996
3330
7294
2300
8104
4145
48
4501
8108
601
9352
850
4233
6240
8064
6927
9891
466
5006
5256
768
8861
746
8852
5119
2315
672
2207
9893
9613
817
3811
5506
577
6260
2770
6914
7152
6186
2083
496
6615
9135
9654
3013
5279
3212
182
7902
5723
9754
9610
9516
4734
5329
8903
1332
1062
2046
742
3207
185
7651
1165
3740
9626
6408
8333
1880
536
2271
408
272
8052
1493
140
6709
3308
7684
2769
959
3481
102
6667
5733
9777
1749
2603
5095
3226
525
5832
5103
6636
7314
4646
4780
4786
8574
4721
9998
7085
9715
1288
2272
468
1470
7464
4526
1851
3820
2932
7864
9215
9751
8030
1247
9132
1561
8661
9069
2139
7138
5659
5073
6220
9764
769
4119
6203
3626
6145
1638
9762
841
5623
9171
2091
575
8094
4852
8480
9320
7267
5230
8194
7712
3512
5231
6178
9234
6855
104
6270
6767
1344
914
5323
3019
7057
274
8748
2593
9730
7767
5453
7846
5386
4383
5806
7291
5041
9850
399
2892
8402
7686
6709
4485
8684
2361
6502
6053
7463
4781
5718
5146
238
166
3679
8780
3036
8815
9094
7046
3463
1795
8320
9806
6004
9207
5681
9654
2005
9204
4796
3275
230
498
540
9275
9568
1808
8877
6500
8343
1745
9832
1527
5495
8784
2858
1258
9814
7028
272
6029
8549
6702
5552
9301
9897
4863
9175
2532
144
3767
2635
8058
8050
3352
2732
1141
1814
9961
9404
6115
4093
9830
6567
4264
4607
7109
1569
7659
5233
5219
4411
5819
1632
6797
8130
9791
1229
8651
2004
618
8340
2822
8271
333
6266
2891
3192
8487
5954
7495
2533
8312
7324
3938
264
7491
5868
4824
3352
6593
5042
4882
5533
8242
2363
8516
5864
3551
180
1343
7741
8827
6918
5030
4270
6088
3698
9246
1125
8709
3497
8415
5517
1717
2137
4119
9405
2587
8496
6862
7555
5313
8686
2692
2553
3592
715
3846
2871
4954
1010
6943
197
4763
5801
6507
2170
382
4558
2967
1174
5364
5695
6148
2312
3775
8774
8635
9021
8852
2463
4650
3526
287
2872
7708
3140
8321
2468
215
19
8772
2347
31
4064
9535
7058
6232
1976
9668
1762
9705
8751
3735
1960
2555
1722
3930
7641
2928
1433
4515
6447
193
9028
2127
6244
1712
1441
2991
8089
8412
7935
2881
1396
1827
6579
9690
4597
6834
5836
2895
4835
6247
21
6498
1079
9399
5254
8473
980
5404
5175
5051
3842
3606
6467
3860
9814
851
8421
8536
5199
5081
1329
7060
5776
7487
2849
8448
4597
1756
6794
6048
8388
6887
2827
5210
3969
6381
3554
2402
1213
882
4955
1840
4892
3486
1445
2611
1458
8664
1603
2767
4426
3377
8588
8770
1043
3879
3151
8053
3095
506
790
2782
3432
3020
9574
9058
1802
3521
9841
1863
6807
4501
8968
23
6067
4381
6432
7328
3341
3125
2015
8841
2494
9961
2691
559
9489
2367
1184
9534
1599
2178
2916
6587
1845
5914
7401
382
2149
9030
4758
3741
3046
6011
5378
211
6489
1686
406
1807
7865
8701
2174
8569
5054
7316
9036
2559
1102
60
9704
8174
3504
4213
7736
9996
2975
7988
8552
4754
5911
848
9047
6648
2223
5447
7086
9528
9730
5405
9021
9172
9388
8788
2339
5795
4990
4423
233
8502
8382
8080
9820
8281
3007
4986
3862
2629
3144
6448
2504
6883
5907
8004
2214
2699
5892
9196
8367
8266
6308
1335
7223
8002
9049
3166
3218
1915
5876
6277
6879
3175
4262
5472
6847
1780
6703
6210
8130
2618
6613
6369
5580
8372
1662
8470
8088
6235
9387
160
9801
4926
2481
5704
8617
4510
644
6767
3296
9702
1713
7171
579
5159
4009
4592
5238
561
2278
7156
2143
3231
2955
9659
569
361
8684
5081
7313
4140
967
7350
6017
1463
9757
2643
9175
5420
3393
5227
3553
6439
3852
244
8599
2890
9163
5093
884
7382
2454
1650
5714
5575
2237
6306
5586
6263
2048
529
8485
1346
4299
2418
778
3273
2461
3356
4981
4192
2100
2694
7624
4546
1351
3373
2544
5060
9104
7377
8158
391
3459
3104
2672
1095
6751
5146
9292
1136
6240
6900
5416
9697
990
88
2185
9384
4245
7993
5142
3357
9618
6420
2185
2331
9335
9569
9474
4345
9372
1946
1367
7142
7810
3283
3563
6499
8533
439
2649
9402
9421
9683
4798
6588
9009
9163
4273
4681
5369
7579
8864
4792
6702
2665
6424
2359
9168
1957
816
5468
9251
1042
5667
4137
5127
6382
6136
3886
8147
6205
5280
7305
8430
2692
9051
7912
8729
4737
2375
447
2572
4888
8502
6101
5115
8569
7962
7113
6485
4077
9952
4834
9754
3358
503
1124
8342
1318
2843
6142
7373
5552
1874
8304
8197
9339
1459
1593
1899
2733
5822
5183
2419
9012
3131
1288
5423
2504
691
1333
8347
8412
4069
4367
995
8339
4262
9289
2402
9455
5992
4693
8568
3988
5094
6866
135
6571
9193
2723
3754
5779
762
4683
1825
1699
4581
7541
5198
394
950
3664
134
374
3746
9751
4436
5427
2532
8686
1072
5004
9923
2536
4407
9613
5821
598
6711
1529
4979
8474
2665
3047
3024
5913
3820
7271
3846
4415
1098
4291
7255
2013
7785
4848
8573
173
3568
7380
9206
2246
8115
3569
3664
9755
1470
3647
1661
1709
7690
857
2995
1777
6446
6141
3795
6620
486
8903
7267
203
7720
4903
4842
8352
9913
1966
2376
2342
7707
7576
8608
4565
5633
7956
2371
5937
1505
4191
6441
3181
9044
4621
8014
9373
5373
7065
7239
505
323
5765
5920
6925
6669
3802
5652
3581
4313
2739
4488
8838
7881
8821
3988
9856
8539
9414
8303
9807
7476
1263
8902
7913
3400
1948
4184
386
6456
4000
6337
7187
3608
181
7345
7097
5100
8641
4761
3593
7054
148
9681
7089
6639
3310
1641
6682
6328
5213
4234
9273
9995
4132
8743
2565
8699
4776
694
2100
661
4692
4309
1502
2169
7420
6970
5474
8137
8862
2380
8231
9612
1156
9543
8090
6431
5846
3264
1735
1786
3405
1926
9635
3131
3570
913
2502
7441
6293
8026
4374
5014
7658
4262
6526
1753
9133
6335
6221
4408
1846
8657
2267
4935
5000
6302
7639
975
9299
4767
9451
6054
6745
7512
3153
6822
6398
4551
5199
9549
9128
2856
1261
9681
2758
776
1464
8814
1325
2900
5998
3693
4014
7693
6570
5202
4163
5258
2714
5058
5880
8730
1739
4415
2870
1941
7590
2450
8602
7469
4628
3252
5509
4486
2205
4265
524
7951
9614
2585
6784
6653
6937
6620
1416
5171
4934
9458
9050
3311
4840
3932
2553
1667
2474
1946
2679
5615
7192
8658
2508
1640
2345
8506
9071
3559
7610
6370
8161
1968
3911
3345
281
8173
7426
1194
8937
4391
7462
8346
7104
9745
7908
6433
505
241
1292
3547
5921
1755
617
6554
8998
2331
3203
1266
1338
7727
9656
5872
8759
2127
9012
3384
1884
8218
4540
8538
2758
9566
6891
5071
6442
9459
7316
3094
7678
501
6614
4774
1335
301
1437
5295
3661
4731
3173
7473
5259
1489
9114
5912
7315
7215
1659
4035
207
9574
8876
3711
6705
4683
8779
757
6763
9403
5450
3645
5483
7973
8091
7054
7646
6889
8298
2451
7174
9627
5444
4363
5302
1091
7413
2300
3482
8468
5951
9061
7539
6790
1974
1151
2816
2467
4505
4272
4776
3803
6731
7500
2228
9701
1807
55
874
2370
7634
1116
2307
4687
6866
547
2718
3591
2125
4242
8414
690
9588
5987
334
63
3310
7886
4021
5257
5545
6323
1365
5305
2523
6454
605
8199
4902
7495
8974
4702
2410
9084
2346
7628
789
4238
7368
3826
7574
765
244
2670
9503
1905
6036
1459
4472
8798
7398
3154
5039
7202
2453
311
9373
5775
3898
5490
5781
8336
3614
7728
6118
4777
5438
389
3888
8607
9431
2712
8867
2929
1761
2108
5746
8162
5384
6247
8439
1300
2245
560
4272
9747
9724
4010
9703
2107
6943
1735
8207
4134
9279
2331
7386
4294
5634
607
7624
3276
6480
9789
3881
7282
359
2543
3956
6827
943
4799
1328
3941
4136
7290
8335
4872
5983
7718
8651
1518
3232
9500
4632
5423
4101
9892
2553
6151
8924
7869
4511
8470
5158
8997
5836
9557
204
2091
5942
4144
1228
9470
1255
5364
7570
6994
2928
694
4018
3071
7022
4365
6769
2485
3413
2349
7075
4592
9801
8097
1614
6195
7259
8148
6462
1396
3824
5148
4899
4181
750
9412
9172
2186
2239
3557
7174
6636
2232
5040
1864
2313
1204
6778
2646
2709
5257
9892
1597
7889
9356
5126
8046
3190
16
7416
4556
4766
3113
7133
5887
1040
1135
3692
5243
5110
766
8156
9402
1532
3450
4251
7110
2727
1072
1547
8035
3120
9912
9226
7145
92
2550
6060
3487
9
4240
4455
2018
1911
7866
5403
550
7296
7677
3804
3140
4725
9142
2093
6417
4951
6890
907
5711
5151
4871
3859
1772
3931
3974
3393
9976
8693
1549
6726
2709
8817
337
5925
4983
1378
7288
7242
3322
6330
8444
743
3795
8189
3404
5485
3183
6928
3533
8659
791
8644
3837
7382
709
2745
696
9389
5760
7312
7923
4408
5507
7537
5798
5797
1053
1349
2423
8894
6385
3217
4401
7986
3709
1200
4372
622
391
2236
1093
2472
2308
5593
2982
4264
2898
1934
6321
1732
4741
5185
5422
7142
8031
4669
1683
9564
2520
6882
3547
1275
9854
298
4015
8673
2533
1795
2177
9206
4239
4862
8264
2190
3991
8259
9734
8174
4840
8047
6661
2424
586
9835
2655
6036
3628
1530
333
7405
7901
3167
3751
1270
3300
2984
5371
9975
5936
4715
6089
7032
6506
6107
3930
7048
215
6823
7792
6794
9081
4815
7497
9709
3796
4068
3501
679
7742
9963
9527
2605
1472
2814
9473
7169
5961
7375
1255
1881
4882
874
2958
5512
668
1078
4557
1755
133
5223
8969
4530
5066
899
5215
4985
4071
6958
4715
2977
1513
7477
2341
9872
6532
3876
7211
2402
3552
8932
2569
9387
9374
5525
149
4298
2905
7859
4679
2443
6344
3912
2005
6553
4927
2174
8445
8621
8181
3759
444
3144
2001
7851
9932
794
2206
965
8954
9756
7549
4843
6468
5584
2265
1520
865
3314
7125
6839
3787
5259
6226
5806
5592
355
8749
6869
2759
2880
9637
9801
9237
6943
298
5522
5423
3662
193
5205
9329
6723
8372
4614
9309
4509
4694
2206
56
1557
548
4725
2670
4704
8743
9277
1334
8516
9366
1723
3663
2916
6425
5073
1722
4138
2616
7324
4370
4080
721
1064
4166
2972
6313
1787
4327
4757
4426
4837
6620
2470
3178
9410
3459
4734
9340
5161
786
6400
6768
5460
1595
5822
3381
4684
9838
2670
7375
592
5385
9126
2788
7298
3483
6361
8384
6446
6694
3933
4872
904
8770
1496
8779
1409
9934
6776
7588
4453
5137
2828
957
3285
7215
4930
750
9996
3095
9565
9987
6031
8281
1218
3723
7606
8597
1088
3725
8034
1678
6569
8773
8874
4750
337
1627
8982
4371
4163
3876
4615
8151
4730
8067
8689
3165
7683
2904
7414
2727
7580
3384
6016
8725
2025
5757
9994
5543
595
3988
2619
996
5453
9988
81
1427
9605
3694
5110
4647
1714
7904
3729
8919
8432
9652
876
6955
2422
5958
1486
179
3984
9202
9412
1361
3374
11
8416
2615
2744
1465
1278
379
7500
1578
2543
3527
1014
5976
1924
5052
794
5275
3401
4359
3153
8630
2203
1372
2254
1772
1191
7135
9660
5525
6417
3905
8070
1276
558
5031
690
3952
8462
4647
331
4826
8889
6268
9737
126
6053
9256
5871
8730
2209
1385
2897
6763
290
4132
4320
3807
7719
5278
5764
9750
8986
7946
4197
6434
8710
9260
1301
5469
4192
92
429
5497
3027
4999
7235
4226
9532
8863
3845
7344
4126
8018
4213
6905
8387
9528
6144
9235
6369
7606
8940
6375
4100
1663
4734
5553
4077
3530
6710
9380
9879
2735
2264
1850
2801
1883
4247
6297
3517
340
1231
5905
5861
4166
3279
8546
8532
6731
8194
1963
8184
5945
5849
8845
4258
2773
5254
2990
8775
8933
2455
5353
7031
2947
3453
3538
8695
1342
2377
9927
1213
5787
9522
9555
3624
2152
3333
8252
1193
3617
9065
6508
6530
8955
7197
4556
1881
3518
6801
204
2072
2128
1470
6016
3237
6764
8067
5093
8393
1730
5965
6817
9951
6664
2177
2119
9644
702
3305
1514
7701
4542
6874
1017
7985
1874
1086
6617
7292
7648
4274
1424
7156
529
1006
285
1972
47
3388
1110
3867
4828
5127
5097
9656
3119
2370
9844
1060
2186
4097
8543
1884
2823
1384
9255
2778
4033
1263
1606
3183
2142
1758
1838
2015
2602
9995
1797
6985
1087
1981
7785
8913
2384
9211
7268
5179
7221
6950
571
9254
9681
4176
9729
9891
9743
3288
3497
9409
2587
3876
7608
7383
8221
8761
6745
5565
7135
9353
2122
9431
9712
2761
3571
7198
594
4126
8503
5837
8141
9412
1027
9797
8358
1867
7731
9341
3802
9758
164
8938
6853
3601
4
3863
4399
6230
6197
465
326
3532
977
658
1191
5477
5240
1832
693
7251
5380
577
9356
7182
7790
2020
9263
8980
9241
191
1085
3373
1771
2521
3314
4618
6844
4756
1530
9706
7640
1185
2641
8793
4862
8687
4870
5141
5643
9089
3838
2701
5937
4123
1572
7913
4480
6377
3774
1824
4327
2220
5739
154
8787
370
8536
7443
4566
9665
8946
8729
6867
9823
6341
9890
4454
5617
7491
8924
1601
9886
7505
4178
5680
5920
6731
5640
8174
2358
9640
1796
8961
8824
5352
6377
1584
5849
9097
6833
5044
8818
5417
6086
7932
2465
6422
4429
2315
6973
5010
3951
2541
2836
8066
5334
5735
995
9365
9456
1083
6913
1345
6179
3498
6488
904
7198
4053
993
8618
3783
4060
8924
8389
2374
4887
5177
9384
2925
3827
5750
7205
3090
83
8565
1236
4203
6952
6328
2932
4885
5932
1660
8268
8401
6920
6911
4320
3244
22
688
3439
3193
1920
978
8025
4044
8007
3244
6366
998
320
4624
7154
2328
7561
1158
7757
3270
5337
1028
3390
5883
4021
604
6367
7682
4318
2114
9779
9831
9576
280
6460
6443
4550
7257
8714
6766
6449
1934
4238
3756
8136
6512
9020
4519
480
3563
1535
9948
9661
5530
9494
485
505
165
3180
2602
5680
9492
741
5093
8991
783
2341
2465
2273
4724
3499
3214
8904
1315
6330
1363
6237
5993
3287
3760
5983
1879
1134
5520
4167
143
4112
9783
7900
8891
8936
2302
6034
7018
7083
3432
4350
8455
8029
4543
8116
7623
9616
8880
2577
7199
2071
6672
6101
6512
7736
8858
1352
2800
9264
8022
1581
4502
8497
1495
323
1378
9222
7952
5944
9462
6184
9780
8649
8453
8425
9258
4757
5671
9661
4073
160
6134
5448
8758
8402
7368
2210
119
6239
5337
1015
7234
9314
4356
7692
8615
6082
798
1052
4566
6199
991
480
7295
3525
9901
893
3045
855
1303
2102
3117
3239
2875
1426
3929
3738
3781
8057
2523
7465
9349
105
6440
3401
9388
9717
907
7356
8466
6844
371
961
9718
3431
5851
2710
4339
7740
3603
3454
4412
2832
8800
1133
9204
2010
749
3792
6876
9730
4123
6585
2826
8456
6173
7400
2962
3184
8777
9862
5668
1803
171
2411
4177
2082
1276
4575
1003
3772
3386
6125
3433
654
7669
2372
7924
3090
7126
4775
7424
2816
3387
2868
682
4600
2963
9826
1019
5986
2547
803
6038
4621
1683
2905
5268
5204
6328
997
8057
175
9822
5754
8386
7333
1393
1616
4558
7294
1416
7541
6118
2343
9199
4446
8538
959
7376
9387
7354
5118
8845
4792
1278
7110
7741
2271
4706
6273
1457
8011
2673
6058
2209
9784
9452
8999
2743
8406
1527
2084
7480
1037
6529
7643
3322
282
4367
9935
2455
6055
2771
4873
1453
5352
8238
7161
5950
9106
9903
1086
1787
4678
5174
9968
8872
219
1962
1178
6700
7690
3668
3974
5384
4194
1894
7361
7409
1260
5243
9709
2396
6154
5083
5221
2773
6280
4747
9563
7851
596
752
4797
8603
9961
5550
5543
2872
3495
5169
1394
8756
2063
5287
5177
8078
4682
5528
6556
6120
1273
1843
6269
4339
711
4742
8568
9897
9403
6937
3104
2007
5658
6488
5364
3269
7945
9691
3361
2564
9936
7428
3761
9539
6858
9509
17
7229
1752
2363
6656
9250
5
3579
5011
6736
2292
3207
2229
351
5030
2476
5404
6486
5657
5403
3703
6605
7418
579
3411
7888
9898
2328
1981
5436
462
8210
2002
3273
5824
4932
210
2804
3011
9590
5874
1784
5092
4242
97
7833
6909
2600
5794
8908
4659
2750
8488
5286
3311
3784
7281
1504
6793
9600
7961
5668
6671
5185
9727
3686
3926
6006
7668
8946
920
1322
9936
5374
4459
6059
30
9531
6227
8289
648
4126
3757
9733
7549
4517
2636
1567
3791
6728
5041
9552
1545
8190
6739
8968
7085
8169
9294
9333
604
1375
7559
138
3999
981
9678
6391
5970
7898
4716
6058
2976
4878
9516
3394
378
7854
4982
2108
9760
5596
5718
9581
7762
9087
3451
2522
416
2180
5884
4198
8974
6880
9093
857
1235
259
7935
3946
241
474
6797
9785
9071
8322
2
3947
9937
3172
6560
2995
3273
1025
9020
2442
3287
4571
8686
3530
6444
1725
9620
1853
6572
3944
7621
8701
2530
4860
2499
8199
1517
4991
3530
1201
8472
9997
2245
2180
7352
1324
7871
1480
8558
1930
3479
2955
428
1061
7325
622
2564
1207
2922
5644
6764
4956
2012
3912
222
3074
7614
978
9340
5228
1014
7365
9217
3666
9159
9584
6834
9993
1399
1695
2291
6907
9291
933
2214
5986
2079
184
2382
5238
434
7609
6657
64
4141
7903
8092
9594
3828
8271
8881
4038
9781
5866
60
2376
606
1395
1731
3888
91
651
4347
7224
8397
5371
4055
5718
5478
5470
3724
686
5328
1592
4944
3560
6141
9910
1856
4553
8281
2883
4017
1713
1340
9701
4206
5248
4732
5186
5280
7429
6816
6482
5516
2021
6783
274
8277
4228
5606
3586
6371
1859
2216
8108
4668
5687
4688
5169
6718
2978
9074
3666
3358
448
1119
5416
4731
4559
2631
5760
2476
940
8249
6407
5752
8358
3670
797
6164
9953
772
2073
502
3226
4286
3977
5193
1442
4536
7124
1097
6361
2833
1135
7422
4280
2209
9992
5974
1386
5170
3970
1243
7704
2443
2477
9652
6992
3734
6561
2054
8657
6019
5127
9323
1494
3526
6532
3435
1148
5580
9395
8231
7218
2587
9534
9573
5116
6455
9097
9333
4228
7472
891
2017
3453
9065
4217
4227
293
6212
9745
8481
3559
8712
7648
644
6298
5861
2464
1719
8154
3486
8258
1114
7649
724
7172
5397
2353
3636
3263
554
1617
6647
1327
1091
7665
3192
6335
2011
8731
5282
5889
7001
8072
6775
7048
7238
2012
2333
8546
4895
4528
1282
6517
9095
8186
1441
4148
6804
5883
1517
8141
1305
3237
6218
915
6020
9174
6491
5220
6462
2069
1797
3942
1008
1896
4243
8418
5077
6272
4131
5229
8554
4817
8174
3423
6865
9698
3556
1058
7253
9981
9525
5385
2376
4900
157
7018
6680
5361
4535
5914
8241
1959
9122
6307
1548
9850
8529
5572
8708
5160
4603
4821
4729
9699
6467
7878
510
1932
5651
2259
7116
5181
1537
7606
2906
7570
916
2409
4740
8357
2447
9638
7432
5605
7483
2733
3216
8659
8644
2737
8985
7817
4298
655
3298
7559
6679
7548
7840
6059
1568
7530
2062
7244
9461
3959
8546
2132
1522
4499
5947
5767
6808
971
1910
7988
678
6903
352
9047
1488
4012
3334
5000
5570
3662
9800
8804
6286
4102
7548
7509
8241
3708
4270
6961
9571
8994
7413
8076
1805
8300
3665
6651
1173
8287
33
3526
2229
8629
6161
5913
2746
9706
272
6120
3992
1703
15
9036
7467
8824
5349
7262
9288
6476
3024
686
5186
7401
9559
2528
9496
3993
2522
9188
8795
9253
4875
6177
126
1580
3749
3822
6790
3264
6458
9293
145
2653
6380
3891
2147
5287
2721
2616
8235
7663
1785
3464
5604
1217
8827
9539
1815
8221
5883
4551
8142
528
4553
728
5731
3775
5635
1386
2007
4128
9754
9051
5503
4836
2913
2879
6969
6997
8850
8184
4796
3512
4636
3842
7869
8462
9047
1609
8414
1885
4503
2456
4673
3478
8686
4543
1146
8211
5292
9200
674
8495
5762
9766
3304
1217
4821
8514
5570
3862
4237
947
9841
1291
9213
321
210
4100
9901
3239
3729
5180
770
4811
9880
8537
8240
9434
2630
8139
5158
6677
4250
2353
2263
3906
4318
8103
3769
7985
6193
9984
6822
940
5309
2285
8064
6793
2759
3383
1730
2111
8116
4670
3185
8211
5768
3838
2321
1278
8826
2347
4916
2428
4980
5114
6061
3428
439
8683
8787
3887
8491
1206
449
9655
9027
8529
4730
4205
7375
7515
6361
7847
6507
4904
3719
2772
2005
2490
4838
5293
6812
6040
1770
8138
3860
8237
4199
462
5877
944
7430
8305
131
1292
7745
1368
1913
523
958
5682
8271
7236
2280
4737
314
9229
6360
5220
2162
6815
9875
2589
8479
4549
61
4915
8557
928
2187
3846
2398
8667
2566
5963
830
9621
6283
4883
8178
9632
8640
6108
2682
4949
9473
7459
1573
1634
6648
3844
2628
7602
8683
8849
151
6167
3679
5147
403
1638
9163
3183
4181
6798
5655
9904
6192
8455
1859
9149
4274
3220
8292
6926
4228
308
6857
5361
1153
2250
7932
5835
5198
4903
2820
8749
7127
4161
7015
4005
2283
5698
6556
8749
4829
8016
9422
9765
4380
3476
7757
7400
8140
8121
1439
9997
5251
5283
5732
6077
4608
1178
4023
3771
5861
6545
8768
6165
5925
4391
9638
6454
7352
2538
9090
7045
5772
1090
8910
813
838
1329
8429
714
6246
4149
4948
317
1960
6216
9334
3132
343
3269
7629
841
92
902
1412
7405
8740
222
9394
8497
6895
656
3872
425
5045
3019
5324
8286
4899
2066
102
8198
115
4044
3735
6849
5866
5477
8546
2051
9066
6639
7075
5225
4344
5609
67
1178
8440
4793
8414
8395
8068
3257
6299
9679
172
252
9322
4378
791
1420
7565
3888
5111
881
141
6814
8827
8223
61
1268
5550
4029
5147
2382
7564
413
6883
5102
9301
7069
1182
2248
3482
697
5927
8794
8724
6523
2638
7701
5125
8929
4230
5820
4118
856
4249
1608
1679
1466
2459
9797
9797
6002
7995
3549
6333
1640
2262
8143
8271
6061
9990
6716
3510
9812
9160
3614
5683
587
2540
7284
7841
8469
9317
8030
9956
822
9119
9954
139
7418
2032
9689
8756
642
743
9690
1790
2412
4673
7824
7514
7070
1627
2458
3947
9374
6370
2687
5772
3265
7574
5387
2337
8414
7501
2971
9045
5918
4259
8097
6162
2675
1119
7012
8384
3330
7745
584
4644
6382
1000
7701
1946
9747
9568
247
7341
8651
2312
5649
8003
880
2386
270
934
4191
3667
5094
6381
8997
9418
6281
105
7209
4302
2219
715
4773
2143
2076
2099
4514
6687
5282
6291
1696
1050
502
4274
4799
9088
3800
9788
7869
5699
6960
8598
1292
9307
2018
7424
5678
6615
9565
1988
6496
3455
3616
2234
5472
5717
8585
8270
9837
201
8316
2537
7674
4235
4556
6411
6190
1451
921
4203
8619
3725
8790
7397
8920
3209
6997
1170
6733
3438
8578
38
6027
4439
3753
898
3974
9669
4597
7337
5377
7163
3285
5152
2436
9321
5693
7759
9979
7504
5335
9396
5646
7557
5172
3798
440
7313
1539
6487
5159
9172
7307
5507
4624
1577
793
8101
5084
3957
7761
4905
882
4329
7811
5756
6482
8791
6508
3087
8316
7138
5046
9515
9835
4350
2845
8606
8113
3206
5806
2467
447
3820
1774
2064
6353
1067
4692
1065
4693
4024
6516
2914
1782
4999
7961
3665
5449
9850
4286
5506
8787
324
5882
8596
8773
1420
6070
5009
4629
2973
1883
2859
4970
2922
8445
7809
7604
3247
9998
8401
7269
4066
3776
3575
9760
7928
1227
6020
508
3301
679
1210
4453
5995
5415
1379
3504
6019
5826
6689
1641
8794
2927
1809
3915
7842
5292
2809
9243
8138
8171
6096
4433
7832
6090
1581
5571
6850
893
135
2544
8124
1418
5131
8118
3467
9889
9916
7969
728
2422
9461
6033
1489
8957
42
4502
1849
2720
9261
4747
1728
8288
4796
5372
2301
6165
3447
5109
2423
9588
8015
1800
1683
1148
2954
5243
1752
5165
5219
9564
1822
3462
5663
7649
9573
3817
6938
1584
9090
8893
5280
3416
4708
9023
3031
1995
7957
2615
6889
1608
1276
2466
3216
7657
5631
9233
8490
4742
8581
7021
6589
8739
6905
4405
6675
2189
8203
8903
3046
7933
7345
9399
3207
6854
1835
1854
8103
9441
2884
4961
5577
6386
180
3229
5407
7526
3795
9740
2960
2075
9207
6295
8556
6077
2686
9897
6310
5433
5927
8059
5664
4559
6507
4145
2485
2425
1977
944
1023
5106
1567
3978
264
8421
965
7880
4318
7763
3875
2402
6800
6576
3154
3502
3877
6635
6736
9443
556
5336
6733
57
1341
1132
7187
4944
4223
8901
9730
2361
4643
195
3993
1876
6253
8134
8673
1447
6114
1813
7603
3287
7965
8360
6154
2758
4956
835
5619
5754
1848
176
4497
4134
1442
6552
5997
5735
328
2861
4890
2813
7606
7079
3926
6884
6282
9753
5053
5022
8208
5775
120
2670
9244
9479
7203
1540
6726
5321
4300
3776
7806
9843
3542
2165
849
2198
9069
8091
8101
9991
6324
4064
9726
2019
187
3213
4211
4354
7181
8593
9194
7686
5925
44
2752
2768
8224
9866
5381
3999
1101
2394
3684
3191
2673
6729
816
6282
4952
1120
7513
4293
54
391
9534
1674
8987
2580
8861
3381
2228
3252
1830
9629
9582
2549
3565
9529
5206
6958
2910
7308
6524
9531
91
4190
1542
3800
1297
8297
9521
1241
3817
4221
5250
6437
426
9696
1978
1117
9451
2710
72
1900
998
5320
7592
2428
8777
4084
1817
3794
8550
6113
1389
7208
1737
3885
6841
6038
2714
5254
4732
12
264
1057
1869
8925
2758
4282
9004
1611
5666
8136
1227
4860
6736
2412
294
3446
9205
9750
973
4092
6975
7492
9650
5
6978
344
1901
9765
5565
3557
7502
874
747
694
2554
3237
7238
1339
1030
3715
390
7889
8978
4808
1174
3916
9660
4311
1127
6275
1589
7407
4111
7033
8785
5237
9193
3587
5048
8778
5824
6443
4313
7610
3238
7664
7806
8561
1438
1320
603
5017
586
8195
352
6612
8782
5165
8878
2130
9715
6927
8694
9840
744
1123
253
317
2627
8386
5004
5738
9813
4091
7843
5358
5164
7971
1086
8723
4082
8836
1551
1840
9090
1412
9659
260
8763
9074
2289
5580
5325
2462
1556
1457
9296
5766
2122
753
995
7577
5182
3784
2418
3082
1888
8746
4993
2419
9884
9712
7862
2419
2567
1853
7251
3686
2501
6684
6976
9647
8184
1624
5015
4740
7747
2135
9081
8214
829
8164
4206
7708
8545
328
1818
2171
8434
8132
3867
2260
2956
6653
6382
4362
6374
4644
241
9518
1539
3153
2851
6489
7239
3964
7864
7221
5351
7767
8505
3112
4153
7995
2312
4383
5003
4846
9440
8227
4799
7406
6267
7354
3652
6525
6926
8812
6432
6680
639
5040
8265
8853
3111
1203
3939
313
98
5109
3811
2180
9394
2528
7106
9946
3108
8053
318
5070
2922
1317
4666
8157
1559
4632
3862
3860
1002
9006
7465
2606
914
4672
4506
8158
1311
1154
3631
6006
5785
3319
6444
1314
2730
4145
1613
3636
6966
452
3903
5421
9563
7125
7560
5396
1859
964
551
5958
2470
4643
3398
6202
5117
8130
7372
7727
2433
9705
5151
1957
994
9505
902
9333
8404
9567
3693
5102
9779
6062
1778
5597
1031
5000
2908
456
9010
9152
3723
135
4390
5695
5594
4159
421
1754
6625
7644
3280
5580
3799
9771
8096
4901
8341
8882
1779
3615
1734
7580
5022
6808
7466
6948
6802
3201
6314
5581
601
6322
8725
4955
5343
4471
4857
2226
4221
1260
7262
5578
6992
6000
5292
4859
1656
1177
1613
571
8877
6436
9564
8657
1228
8262
9004
8053
5200
9909
3126
150
5899
156
3771
6327
691
1407
4552
5927
138
443
2759
9435
7957
6232
7233
3995
4462
2399
273
5670
117
3906
1428
5362
9393
956
2941
7140
340
8599
2325
6840
7309
8339
7199
286
8855
5465
3017
2833
3231
5901
815
5749
6243
9273
6282
8172
6213
172
3670
9909
4575
2606
945
83
4976
1198
9038
2901
3156
3771
5130
1175
8098
8555
5366
6052
9824
2859
4402
3877
9649
2292
2347
1147
3374
6406
5420
8965
8450
8484
1920
5774
7262
4028
7383
4423
1598
4416
7382
1068
7379
8342
8265
3718
2815
2760
7572
6717
1376
3081
3255
807
5363
3621
4991
3201
1274
1668
9737
2888
6856
8203
2002
4276
2456
4302
9563
371
9326
4358
7128
1406
2309
5851
3014
9434
456
6350
8908
2909
5660
8662
1179
5386
282
5877
671
7067
4315
8950
6792
7498
3452
213
2818
620
1808
7626
4367
2922
197
5636
4007
3982
5134
1758
8934
5910
6672
7137
1907
8680
9961
1430
3729
9331
4282
9462
6735
4205
5477
3824
2778
4558
3329
6438
7122
7464
5802
7092
7353
3666
4550
7661
5832
7615
1794
3892
5932
6048
491
8405
6238
3075
5929
6014
1952
9509
2134
3805
9394
8779
2908
6375
8805
4937
7755
449
3367
318
3642
5567
7149
1356
1078
9223
6751
9623
4694
3057
5724
8794
2782
4349
9774
5680
5714
2673
5097
8597
354
4462
6141
6954
6948
7678
6507
1519
8048
428
4421
6880
8244
2095
4653
7919
4040
5268
4095
9370
8956
5496
6123
3272
5709
2431
2314
693
3030
9140
8114
3575
4835
1581
9652
8461
2017
8233
8355
1011
3234
8185
3359
8516
2492
2121
6031
6029
8657
8922
8446
7706
7417
3629
1052
5679
9339
9869
6196
3077
7355
2730
1950
6975
3101
8974
539
3896
6391
2877
3646
2138
9301
2302
2618
2973
1414
3104
8614
2939
9204
7595
4526
8460
1329
6885
7043
4035
2764
1645
6738
9588
4947
519
4161
7040
995
1844
7126
7679
6714
3869
8386
8008
4942
1789
1163
992
2918
7609
2487
604
694
3260
8964
1221
6152
803
6404
168
7094
8993
7814
1078
2996
7088
5168
3087
3865
8773
3128
6054
8639
5998
6130
5808
9008
347
3939
1455
800
4615
5925
1926
7850
593
643
3464
6834
7995
2276
4273
8362
3870
2660
9536
592
328
9150
9087
7845
5059
598
8865
2200
8915
6482
807
688
1148
3129
2319
2793
1822
980
8698
6725
6574
6161
9385
7108
9266
1302
9283
8542
4984
8066
9236
5533
9283
4367
565
2792
3028
5236
4485
8730
8785
9975
2017
3282
3028
7088
7253
8867
4419
7512
6751
6315
3239
5984
9020
9344
6587
4542
641
1190
6019
2834
7096
7950
3014
1767
6069
3449
5578
4262
4996
8042
3515
4244
7825
7049
1799
139
6292
1059
7545
70
3607
1999
5664
2197
7717
7355
699
7761
352
4245
9075
585
2671
8007
293
1131
9251
2377
3050
5839
2644
1610
3653
5645
8572
4713
1209
2895
8560
1789
6164
3216
4151
8853
396
3172
5896
1642
2453
3729
7380
1936
6780
1291
6413
1243
6803
1854
3634
5583
504
3636
3832
4271
8756
9462
5574
8871
3486
9647
1709
2629
393
653
8130
2322
2641
5360
8218
6767
6077
6485
6913
2074
2193
5388
8390
816
4244
7748
1767
860
4792
1177
6148
7326
9291
3796
6146
9223
9529
9121
5311
5344
124
1838
7293
6058
9425
255
9390
9168
7944
6782
6794
8808
3864
1215
7279
4553
9388
7298
6933
2471
6638
6866
5772
7449
9551
8266
4133
8060
576
7703
9083
1488
6864
9705
1660
7936
1522
6451
1271
2751
6313
5858
7412
1710
3139
2202
6042
794
8816
2395
6545
3010
9550
9618
9669
4310
3395
3821
4675
2058
2213
631
8707
5226
4873
8577
5554
8777
9462
6193
267
210
9413
2148
9698
5727
8520
2911
589
8103
2788
5491
6335
8081
9404
9759
9921
6695
6411
1823
9887
2199
7982
114
141
4707
8700
9530
2644
5592
7490
541
4942
1307
7199
8200
1993
1119
377
1186
3355
4708
5483
6862
5282
6281
860
1339
2982
50
1852
9654
3374
9172
9917
9663
8812
2061
8940
553
4390
241
666
5370
8642
5120
9564
6898
1373
4259
3659
9977
1752
1812
2745
7585
4047
1037
4321
3499
9175
3465
4745
3013
3764
5976
7863
2641
9060
2910
9117
4144
2092
4378
8018
1533
1404
3587
5519
9639
5729
8414
6498
2678
5064
7453
8898
3567
1434
7890
1617
8658
8872
4434
3431
4609
8964
1396
8304
7835
361
8136
7956
7830
8697
3572
8974
3962
4033
5626
7068
5706
1130
2694
1139
2622
8911
4354
9995
9884
8006
3500
5870
6918
1757
5760
2105
5900
8499
3519
1964
9394
5552
4225
884
7644
561
9494
6658
4933
6180
1480
3112
3600
1820
3676
6431
8789
5586
88
8152
3341
6792
4686
93
8361
9115
5766
659
5356
6564
4938
239
3642
6779
459
3538
9000
2618
9378
1762
9922
9177
2224
742
8027
1850
8854
7117
255
9123
4881
1372
9925
5732
6493
9026
8736
2724
5130
3770
3285
461
7996
6493
5798
9808
4684
1537
9709
6198
4492
3282
452
6516
7752
218
737
5706
1816
7376
2272
1656
3490
4331
5080
9917
2044
4290
3039
558
5119
3633
4121
2448
8199
9017
7228
1458
5798
501
9439
3913
1433
3477
1169
2857
7075
4633
661
3261
6533
4812
2971
1924
255
1130
634
984
3312
3599
1658
1788
9064
8301
7998
625
7535
745
2462
9173
6831
4227
8498
4489
524
6049
2139
3261
2644
5959
3308
3738
4338
9652
4405
4939
8220
9004
4544
5481
6380
3421
644
4818
9579
961
8951
2293
3273
1440
2417
2653
8266
3918
1419
1000
2458
2184
2806
5538
8753
9430
3112
4115
2
4382
2322
1105
2253
4821
3645
2147
3028
2050
3730
3940
8059
4817
5928
4576
1241
289
1720
2206
1003
8411
7037
7178
4871
2527
2808
3774
8541
4317
2336
8172
4026
348
1221
3787
5414
9962
2997
4523
7758
4097
6712
4294
6540
5266
7734
230
7298
1921
9657
5645
6997
8973
2429
8196
5270
7962
5379
372
1436
6669
2917
8235
4157
8451
4628
3627
2028
6910
2573
3413
9371
2958
7914
6397
8882
1320
7252
9770
3288
5525
6982
3532
4814
7929
5229
7498
1195
1725
460
216
5554
2924
2988
369
3120
2343
5921
375
6705
6118
6071
8324
7874
3628
6683
9099
2545
6085
8534
1616
3888
1039
820
6753
8393
2674
2515
5536
3083
7628
6615
6062
7827
1965
5530
5813
5446
173
9921
6866
3722
3765
9914
9581
5109
2545
9728
102
1581
2031
4113
6542
2526
2100
1095
5135
8970
1756
1715
9961
8010
7851
2776
9690
851
8037
4387
9497
7940
5191
8680
640
8700
7776
4231
6835
8008
6143
3598
4081
9274
5306
8952
5798
901
4168
9379
5562
7381
3644
7135
5834
6139
4014
9618
4289
5702
7399
7833
3042
61
1385
7081
1237
2521
9450
388
4476
6400
7131
3238
7552
3756
2009
7199
5309
6634
9534
4811
4918
6813
2021
9469
1063
4403
2409
1706
8950
8768
8792
4098
6612
6182
553
8185
5125
8374
5111
4275
1674
5312
9609
6703
279
1511
3648
170
9766
48
3740
3380
4280
4184
5659
3616
8083
2885
9807
1972
4396
4421
2923
6193
6178
5875
2634
956
6437
4680
5132
2363
3921
6301
6493
3227
4363
4799
6308
7134
2102
9900
7109
2386
4290
7369
3875
4076
899
9382
9782
2500
1769
2777
4948
6122
3297
3367
3024
566
7911
9377
8508
8109
2726
4347
7419
5568
942
3192
760
2734
1793
6481
3228
7449
9082
8356
6560
9478
4586
2073
5008
1166
8048
5056
5976
5442
8405
7862
3966
5675
6833
6455
7515
2079
3277
6349
23
303
1622
3750
6416
1934
9482
4612
8775
4573
435
6717
8039
6561
9341
4019
5619
2821
1830
7550
8378
7211
9457
8309
5626
5454
2934
5596
7918
4180
4730
7896
8053
7807
7638
7069
7985
8642
3271
232
5816
1233
481
6424
6315
5185
1584
3063
8945
8222
2093
615
6607
5116
3962
5512
422
7237
9530
5014
8313
4192
7648
7295
3673
3955
7394
8193
9487
5631
9305
4306
8165
7930
3832
6505
9793
778
8535
2618
7071
5485
8267
6272
3578
326
2835
4098
5159
2146
2978
8344
8670
3480
3940
4918
5782
3134
7150
1767
6636
4488
8759
5733
7504
4172
9069
1397
6812
6177
7269
5152
5905
5894
5987
4347
5264
9311
7649
72
4657
8649
5232
7429
3556
6879
5833
5346
4290
2181
79
1105
7406
4034
4515
630
6270
7754
2354
5262
9696
8073
9951
7499
3819
3868
8617
5469
2739
9130
2280
6333
1288
3024
2282
7283
5356
1993
5588
7655
399
6556
4823
9620
4473
4431
2353
6969
3011
2938
5949
8585
9042
3798
7064
9698
6273
3173
2833
3546
4202
9339
2668
6486
6960
6105
834
2469
4892
8794
5065
136
4738
8263
2556
2517
7856
7749
4679
1121
6387
9214
5201
4266
6165
4605
6949
3879
6487
9171
1599
1447
1734
5030
1792
4038
5597
5065
1950
6606
2168
2983
6027
3290
560
5193
7873
7318
6615
8807
5911
5170
7058
8971
4898
3285
9310
4561
9690
1278
5744
8954
7687
7926
1693
8112
1001
2466
1587
4180
225
4116
1666
7763
2192
3600
4651
3031
5609
5484
739
1658
9605
7889
8211
9397
3284
3391
3552
3366
2715
6476
2322
9536
3646
8701
7955
796
4666
7965
1558
622
7087
5082
6849
1266
8361
4639
6280
1413
9611
2860
8439
6224
2647
258
6684
2335
5435
4778
5407
3841
9803
7989
2879
4727
4070
654
5259
3679
2136
4956
8473
6538
1533
1540
7558
6857
8477
2603
75
759
2952
392
8232
9760
4814
872
960
9327
4171
6907
8304
8740
4638
4332
1661
5493
1749
2767
9881
8603
3959
6034
4466
3453
4029
2293
4615
8267
8174
8230
5048
9713
4581
5318
1017
1163
1777
3191
6114
1895
7753
6775
1942
1429
5882
9014
142
9116
4094
7602
7698
9078
7163
1972
3283
2012
5157
9971
4616
7612
721
8695
6866
550
6471
8280
1278
9174
6162
6453
4695
5132
1464
2096
1574
3048
433
7478
3671
9008
1814
4925
7689
756
8455
2518
4177
6744
8360
7681
2987
816
6521
4928
607
7083
961
8084
4892
726
3942
3699
7252
6529
4908
1355
2931
3535
5512
3921
444
6983
6799
9394
7554
7703
3775
3595
945
7128
8250
2371
6183
636
5179
7973
2290
6756
9431
2380
6870
3166
1601
8072
8923
940
5209
4173
4497
6576
7042
6282
8289
8051
6030
8759
3698
5093
6713
6247
3221
1902
3967
3197
3069
7091
2891
7131
4542
8069
7517
8694
6529
8531
3078
4453
8257
8895
4035
2184
4357
974
6980
294
138
8505
9160
3294
620
4977
3143
8335
6578
8607
8219
9427
9107
9833
8748
3606
1048
1249
2599
6917
6368
6968
3978
8433
6682
5519
4990
2130
2626
5950
9522
5352
9195
1117
2112
9389
7509
8479
4862
7031
412
4751
8419
7817
4317
883
6371
2169
7829
7901
1481
7548
3783
6929
961
621
3034
3872
8607
7565
7645
5698
2735
8501
5496
1859
6250
727
3168
9188
5793
8658
4502
3122
7273
5875
3086
7412
932
3865
6007
253
2104
6817
1899
6274
6510
4640
372
6998
3929
2783
6681
9632
832
2944
4868
9966
3434
911
2866
8499
4357
2980
790
8859
67
1077
4938
6656
434
5785
3299
8437
38
6727
8767
959
9958
6812
6222
4276
4175
6299
2282
3643
5513
2910
2933
6003
7716
4635
3390
5808
1246
8355
3695
7024
2212
2196
9158
5467
6034
9181
2397
3849
9961
7393
2856
6653
5516
7765
7675
3087
5351
196
9621
9880
8893
5747
8797
5974
2797
4750
7320
2415
2415
5104
9300
851
9840
8466
1189
8346
4984
8299
1721
3116
2724
7013
6089
3215
6693
7504
1806
7355
8805
800
7470
2954
3617
9426
9202
1547
9767
8828
7397
5685
4781
6113
2267
9817
3499
5460
6411
112
3303
5652
3067
979
1995
4118
9526
5754
4069
3329
5549
3164
507
6146
8407
1013
9144
5519
6950
6453
7096
1625
7272
4341
8892
6458
3366
8261
2058
8670
8653
1649
7556
3567
4326
3778
8387
9352
2004
5968
6624
7579
4394
9621
638
4781
3734
3245
1576
287
2494
9818
3475
6216
5190
1188
1599
254
7450
4765
3359
2980
7710
8402
9059
3917
2752
9021
2078
8591
2359
9943
3849
930
4330
5724
707
5015
1951
5895
1539
3942
6158
4716
1148
5375
8514
9668
4891
7618
2044
2083
7920
9851
8899
5589
3543
6021
8828
2039
6706
7343
6369
691
8581
107
1537
7059
2861
899
6533
5654
8189
5319
810
3792
343
6337
4832
7035
7300
7770
1902
6892
6544
5797
6335
769
4197
3544
9613
5078
4450
7436
3768
3750
4263
6554
5443
4046
4032
549
6460
9678
3164
1078
5174
7273
2296
5810
389
3116
2413
8601
8661
8331
35
3175
695
7575
1920
7805
6472
4284
5090
7818
8080
9174
4820
4114
2244
6243
384
2961
4153
3924
769
7609
3942
8989
3380
950
8484
1100
7387
755
6453
2710
3901
2262
6365
6941
6254
7382
4978
4669
8966
1981
1932
214
8832
9432
7192
1012
4833
811
3455
4458
9763
161
2174
1134
5118
1649
8162
4045
3842
8861
3553
1471
7730
3748
4840
6661
9056
8583
2717
6623
258
7865
9792
7578
94
3247
2883
23
2984
9047
6786
5334
5956
4692
5553
7985
7193
3255
5570
7877
5109
3754
9999
5451
3207
4423
6553
8438
2381
4117
3998
8500
7946
8850
4417
4855
7891
9820
9833
8350
1319
5817
3287
3900
8297
1526
2229
1066
4331
7900
6296
8216
1529
6447
1234
6862
4223
8673
855
561
5447
6260
9625
2658
6019
3580
8834
5856
819
3602
1293
6813
2868
5541
2610
9966
2134
5242
5100
5020
8183
9909
7929
1112
9137
8368
6781
1212
9965
2360
7939
2668
9587
5399
9922
5675
5952
2411
7447
9609
5042
8630
5893
3274
6882
4319
4037
7010
3118
6517
7452
7773
8498
4276
3464
3035
5586
5360
2246
6952
6583
6974
3635
5194
6756
9554
2012
259
5732
2563
9157
7143
2323
6923
739
1751
6933
4779
1383
5339
1126
187
1735
6799
110
3006
6698
8276
7696
4180
6335
5063
9121
4281
4138
9007
480
8330
6573
4992
2102
5432
1360
9564
8026
5142
8828
3209
8561
9613
3209
1886
4817
542
7234
9687
4753
4391
2242
8440
7055
991
5805
4605
141
8667
8317
6224
488
3251
6264
212
151
9903
5018
5359
5245
8362
436
7812
2506
4553
4241
8318
7028
4869
2641
6216
9630
2035
3748
1241
7250
597
5300
1726
2272
2682
3487
6608
3443
8064
4448
3636
732
4170
9801
6017
3358
2108
4352
604
3845
5443
3043
9423
4579
5970
3864
6616
5273
4119
3237
3965
1982
6603
5240
7470
5679
6505
8757
9619
8979
2598
1003
2116
9818
3438
161
5607
9201
3392
1330
1492
485
7583
6289
5221
1490
5641
9579
8633
6518
8629
6744
824
2918
6085
4605
4448
1213
4379
6562
6765
7501
3064
3131
4888
131
1791
5253
6790
8076
9881
5374
5825
2845
6337
2145
8885
9444
8895
7294
4304
2889
4498
8370
508
6544
4246
4343
5017
7549
1334
4218
2179
7764
379
9493
1203
9325
8866
617
4418
6417
2795
202
8455
8435
8254
6455
6497
8013
5608
4580
3777
7382
6691
3350
7519
3581
3587
394
6557
4133
4029
2034
4440
8909
1282
2045
9450
6779
8937
50
3821
6196
7803
8809
2858
9498
7096
3574
5328
7539
215
8931
720
9378
970
472
2868
3764
8464
5450
8256
9865
2963
1437
7568
4988
1250
375
8769
4241
6698
8419
9261
5451
2349
6463
8334
9079
8500
962
4067
2712
2224
77
2896
2175
4380
7165
3151
9527
6047
6682
2165
7467
7742
5072
6912
1365
8190
2807
8636
6851
8023
9137
837
7832
7460
8687
2262
7452
486
5584
1456
5169
5977
936
7030
9251
8110
8393
6981
3163
9031
2208
3185
1969
1937
5022
5963
5243
7115
7297
815
6246
2966
9871
617
7471
1397
2543
5847
2511
1779
8659
1466
6785
8387
70
6134
4321
4306
7406
4505
9379
6490
814
3192
2973
1136
6779
1717
6306
7485
4505
4813
4044
1977
9265
878
37
3187
8433
453
1331
1261
5056
517
9277
9460
76
9364
4462
7038
2066
6991
2132
7436
3129
5982
6453
7631
6748
1906
1616
1399
8770
6651
2827
2470
3788
6023
9102
1650
8858
9188
2043
4426
2666
310
4505
5504
8430
2451
2700
9093
3961
4908
7810
7122
646
3655
2220
5714
6308
7127
8599
9997
5170
3709
1142
7663
1811
8504
6942
6200
5806
5431
4318
140
9254
7279
8248
6874
6960
665
832
4682
8502
3363
7281
4144
4295
982
3622
909
6840
1191
5132
708
9627
311
6945
4010
7947
3957
6056
1238
3329
7556
9069
8745
230
6727
2111
2887
8246
3288
9007
4339
9709
5096
1460
7593
1825
400
8328
2388
1179
22
418
4464
5235
1148
5072
5497
8263
8323
2417
9635
2407
6941
6781
1539
4721
863
7954
3146
1716
629
5532
306
1379
2719
2223
5953
9320
4041
3220
1339
4274
1481
8494
4708
3516
6385
4904
3698
7387
7013
381
3441
1812
3126
6131
656
7144
4237
7620
7928
9246
8899
5211
5069
9291
1213
6712
509
1392
4629
4032
4150
3919
3731
8756
20
8123
8122
3003
1992
5804
5247
6495
9092
1388
6725
1089
5730
8033
3076
730
8501
5991
3032
8976
6599
7097
1429
753
2385
2940
5991
8014
5321
7049
6424
999
9477
2660
5963
4191
3775
3501
3014
7804
4449
8499
4060
3741
2847
4832
5656
9656
6499
4373
6550
6383
6868
9602
7499
142
5040
7698
3509
7956
9656
7857
2188
4780
2443
7291
3000
1111
3898
8275
3084
8103
1259
1484
1457
8410
7450
1112
1181
1489
2425
6810
7490
3180
7079
7962
9027
2805
7567
3749
6881
5461
4183
4317
9044
5991
4745
7588
9828
4119
7743
4161
6360
7749
6631
877
6533
2444
6950
237
3208
26
4953
6332
2320
5388
2390
5795
8818
7176
737
7720
5407
6390
3131
1937
6899
459
8468
2291
6532
3315
5281
5339
1211
9658
7225
200
7519
7240
7177
1092
4412
5687
9367
2157
7667
3730
1716
2756
3627
9451
5739
5008
1253
5817
5078
368
4029
8413
831
476
9740
4543
8308
166
2859
618
6228
2899
386
5104
8518
1088
2254
5323
6808
8690
2880
7538
1493
7246
9634
6244
4720
4210
7797
5844
7069
8334
3863
7856
6559
1282
4128
3760
1724
6214
9451
680
1980
2368
9409
1898
9680
6517
6800
2795
9936
7599
8507
9824
1693
4583
1756
3397
373
2864
5157
1161
9012
336
7411
8682
407
1291
8051
3736
7037
8957
63
9625
326
8116
2977
1737
3725
7608
3224
5787
8466
7896
1016
8992
4160
2675
9436
1026
2733
1183
5255
9358
4912
5449
3176
4877
3996
8921
2683
1837
2747
3361
219
7856
9558
563
1750
2065
6304
1740
3626
5150
5715
3697
9915
902
7666
5844
3702
2145
5149
1683
5007
3446
8163
8717
4455
3821
6450
9314
8106
1762
474
998
8516
9906
9087
81
4899
8086
6173
3254
8120
2377
6774
6206
8279
407
3399
6992
6110
9140
984
1136
1891
69
9090
993
3318
31
7580
6104
85
1083
4318
1695
5229
483
8006
4674
462
4860
3448
5881
7016
8655
8640
3507
4866
1221
3
9787
9769
3967
5843
442
4661
2640
4786
4201
8327
5047
2046
6512
7439
6396
4331
4496
267
3126
7246
1898
1065
519
6357
3658
2381
8406
2916
7283
7742
806
4458
8248
4138
3495
1602
5876
4826
7449
7413
5863
4337
2713
9837
9678
2926
2378
1205
3150
5808
8705
5404
8604
5657
3500
6680
4460
3275
5343
1286
9108
8559
5469
2512
4603
2853
3840
1240
5428
6918
5654
353
6353
1573
2488
3005
6422
948
215
9664
2668
1938
3813
4515
1150
8242
2782
7461
131
3207
1137
5452
5544
5771
4942
3193
6297
4383
9166
2777
8396
8445
9050
5640
9051
6665
3433
6145
5900
3366
3721
4016
1358
2372
777
3960
5314
4631
1200
4688
7476
308
4014
9832
7284
4708
6238
8153
4918
7467
5700
6842
8322
3362
6313
880
9576
3088
7295
4893
164
7671
9283
7001
9337
5067
4847
8910
334
670
8121
9485
2194
1494
7947
5086
3581
3904
3455
8052
4276
4925
215
1455
7288
5098
4919
9339
4284
5310
1328
7222
2785
429
3497
7967
1697
1978
4891
4202
5348
7529
6122
7920
1921
417
8267
7107
4229
2864
1335
7295
1353
5897
203
2203
8963
8633
3400
5055
9724
4120
77
5584
4441
4026
5583
7991
8968
53
1155
863
905
6717
8808
8621
1142
3738
6100
474
5089
1499
2057
268
9097
916
7443
7059
5848
8483
2112
8287
4875
6721
9869
1726
5391
8691
2890
7155
3188
8672
1097
3602
3697
3917
3576
712
8981
8612
3559
4680
5749
6532
9432
7008
7494
2705
3396
9162
7961
7500
8804
3278
7182
4237
2946
6949
6678
5116
9420
2296
5849
4672
1489
7303
9184
5375
6444
2261
9809
4852
4379
7521
2357
5790
4459
8479
8391
2644
689
5189
7499
9815
7287
962
3128
3984
7137
4216
8227
1401
9211
5146
1322
7464
5761
8945
6506
277
3610
9049
5662
1820
7874
8552
3796
2318
4739
6686
4925
4594
6303
9111
8577
7305
2797
6670
6253
1039
6125
1932
2955
7901
25
4590
6891
4444
7595
4068
3987
2036
2357
2086
7952
3778
1985
8769
6424
8
2437
5343
2830
1806
7458
1285
4833
4790
2090
901
3362
4573
8763
6868
480
6398
9196
4726
4481
6496
8019
5013
1519
2048
5041
4513
4636
4425
5195
1297
3092
9871
5286
7271
126
3900
3533
1298
3870
3218
7650
7933
1818
1598
9119
5237
6855
9870
2488
696
2639
2025
1455
5464
5297
3164
7026
9006
1142
7190
7397
3708
1803
665
3288
2219
3952
448
1638
2499
9563
6176
3929
185
3146
71
6380
3730
7540
6593
1455
3958
3994
1898
1601
5952
3087
2942
9453
8338
8641
2011
707
9589
7587
8264
7665
9645
5928
2991
4686
2859
2158
741
2980
2189
549
5755
2792
4112
7338
9437
3830
9926
4597
8455
2637
4722
75
2952
8661
9023
6081
2334
1800
8096
1294
9393
9956
1123
4651
828
3004
6831
7977
2597
485
4909
4495
9390
9684
7907
8047
5828
642
5866
7924
8133
1209
4017
7963
1519
7869
10
6730
2371
6090
867
2561
2344
2549
5679
236
9707
6674
2467
5170
7252
8354
2365
6685
3028
5063
5453
4006
91
4470
9400
4412
2615
7366
1857
5457
7110
4443
5400
5905
7148
714
6095
6992
7456
4777
5831
6127
8065
469
474
1771
118
2302
4145
8690
6674
9411
469
9954
7526
8086
3618
8352
8321
3467
56
9426
5971
9410
3963
4970
8367
3839
5387
6559
3646
4898
6558
1065
3456
5064
6776
3449
2686
5053
2797
7779
5035
3868
4637
5849
1673
8822
94
3029
6055
9450
2312
7330
1352
9990
9993
3688
3983
5595
1416
3282
1174
2374
6599
6558
5470
4352
1474
5328
2977
8180
9941
8483
9987
3928
2041
9389
9671
5082
6622
5102
9118
4184
4901
5845
5226
4252
3652
4511
7121
9794
1069
8013
7628
1304
2952
5328
3423
929
3196
2676
2083
6853
8205
4998
5983
1033
3631
7396
2694
3174
4744
1695
633
361
7444
3471
9709
6070
898
3204
8839
7290
7628
4260
148
1580
3908
9861
8901
9566
1609
4729
1464
9590
1753
145
98
4979
832
4896
5288
1695
5647
7677
3804
7472
6264
4740
8260
3162
1013
3290
3751
5637
5609
5354
3697
4726
7054
7457
7430
9548
3565
5490
2563
3610
9117
7991
4208
8940
1650
7526
5329
3527
9367
2939
6108
9154
6886
1239
3893
827
1955
2373
8676
4871
4777
3013
8152
3802
9596
8903
4038
1599
2814
6853
825
5189
29
2909
989
6102
7929
8122
8295
932
7091
5278
8044
6722
8305
7758
5266
8765
5071
5802
1443
6886
4911
2759
7917
6364
1745
3659
8199
3546
9693
7749
9455
3867
3613
6070
9086
5285
9560
6496
6732
6233
5689
8809
2304
2614
3566
7132
5328
2788
4924
3148
711
8212
5168
9110
6708
5825
2433
1490
4319
578
9937
6565
9206
6112
7057
3783
470
7359
8916
3532
2165
6666
4524
4208
7500
15
353
2916
547
6772
4976
272
8900
8165
7024
8436
6625
460
8095
6015
2401
6123
4267
3115
8869
2024
925
9491
617
2390
3296
2929
438
2124
4496
8264
2181
9700
4237
763
1742
9506
8110
5017
606
2286
9922
9702
3335
6353
129
1879
8161
8136
1698
7641
5550
5016
2374
7870
3452
2062
993
9973
2195
3281
3833
7013
9070
2919
1942
9510
5510
3665
5034
5787
4938
3843
5098
304
1899
3396
7306
1261
4964
1550
919
1140
5527
1011
414
7869
8289
6604
7386
5370
6800
863
9883
7241
7579
5277
9969
9895
2783
8740
2119
3883
5355
6984
221
6950
6945
1577
7678
5765
5197
4241
9857
5424
1249
1436
4490
547
2495
2388
2768
3158
1392
3529
234
3466
6673
3017
7826
4067
3389
6097
507
9405
6821
656
447
5292
653
9380
6385
6708
9952
8340
8850
9089
803
329
639
2340
7895
5802
2903
2043
680
9603
8073
5980
5058
6512
6620
7182
7620
7979
7609
8339
2477
7824
3939
5542
9682
5306
6599
2669
7073
8588
1054
8635
6224
7118
8127
5829
2911
2385
9553
3518
924
4593
3359
6130
2549
7238
6724
3435
6759
407
1637
516
3029
8284
8270
8599
2741
9613
3668
3557
4933
7917
6474
2786
7915
7853
3807
393
6681
4126
8213
6932
4655
919
6205
8208
3467
1007
6333
8784
4139
1095
4755
4961
6483
5703
467
997
8730
4595
1452
9231
3631
1962
505
6553
8745
7787
4116
8613
9724
949
8629
5103
7831
1417
5272
8571
4746
1854
8156
1616
5972
3841
8567
8960
7067
3798
9703
7523
1061
1551
7267
5583
5443
1496
7872
2966
1662
7805
5728
6204
4825
489
3349
1364
5830
8828
5668
1238
7012
9607
7940
3886
7430
631
5397
7220
2607
4028
1869
6308
8090
7109
1853
4234
3766
3098
9315
892
8750
6662
8457
3107
2710
2063
2714
9846
8241
5411
5493
2741
5776
4336
3834
4672
5669
1295
9073
9330
9349
9598
3962
7133
6892
7194
9711
9683
2123
4102
965
4302
972
8970
321
3645
7814
2442
7992
7323
8972
3009
2719
2381
6543
7307
2993
4184
9044
4396
9871
7197
9680
9344
6833
2067
6800
3984
7163
79
8022
2814
3643
3857
3133
749
4990
4062
9773
3247
4354
1814
2314
5132
9894
9970
1927
1533
1854
8444
2328
9314
9779
3610
1893
5910
9511
4040
4522
6877
2678
2737
2411
7862
376
7226
5877
4499
5859
203
5152
3666
4957
5450
3392
1240
8238
7222
8907
3289
7172
8878
9061
9574
4625
5372
3799
291
7295
3041
9838
8196
9380
573
4799
803
192
9963
6424
9825
7091
679
3810
327
9324
7885
1987
9527
7676
9216
4559
6996
6264
3523
7199
8298
8413
2839
7434
6076
2494
8482
5711
3032
5354
5864
5861
2441
6489
1481
1881
3705
7652
999
2807
609
3652
177
3316
4494
978
7857
56
3650
4366
8687
5417
3028
2635
1456
322
7348
3272
4719
1682
7360
6954
3285
8417
7948
8964
2392
478
6321
4057
606
5075
7701
136
1116
5034
2194
7365
8943
4073
7334
7545
7494
3784
2791
2384
8746
7828
3584
1616
9915
8844
8509
2745
281
2248
4623
5544
9772
6057
1932
1653
6288
9147
5446
797
4016
9287
262
1034
3933
822
3269
5437
9964
8608
759
142
2362
306
5380
4010
5356
8222
276
8556
3751
9981
9527
8806
3800
8863
1662
7326
5666
6354
4937
8566
8658
4641
4686
1155
8144
1140
4067
9535
788
6245
3752
7322
8179
4051
8244
4747
9045
6159
5802
5861
675
5060
4215
2405
3138
8643
5931
7079
5415
1916
898
4760
54
8602
5006
7622
4475
901
5763
483
3236
3787
1918
1593
3913
8792
6147
9239
9753
8497
5201
5065
466
7137
5700
8343
8157
267
9736
7748
5795
2558
8868
3686
592
8934
5306
21
2739
2495
42
796
7103
2357
670
7485
209
1831
9621
97
3469
8249
9903
2797
4776
5897
9106
4240
76
969
151
1833
2620
5179
7716
7285
7124
299
3767
8837
4395
5510
2715
8479
1848
8232
6442
8203
5230
8595
9024
4846
9478
2891
4567
9763
5511
4063
9252
8757
5253
9986
1406
4569
3891
9479
4710
1624
2374
491
583
7995
2071
3996
3932
8767
5668
3736
3768
712
1445
5360
7750
2881
598
6891
9357
9793
5717
8023
2992
8761
1850
2522
2048
3306
8222
4342
8622
7764
2233
4715
1744
5034
8140
5783
7215
1361
6920
3385
6299
5670
4025
3939
4396
4063
3058
4941
3318
8489
8662
7637
3303
193
7888
7989
9809
6287
6160
4397
9983
6365
5491
4991
1301
2757
9837
5530
2120
3896
1606
6030
7127
9707
5902
6510
3797
4667
1470
2180
932
3201
733
9886
1312
2433
1675
7990
4789
5628
7070
6815
3021
5846
390
9355
2074
274
735
6314
6668
5497
8627
1436
9536
9017
6457
5256
9846
4154
9790
4997
1677
6124
7950
3717
2765
12
2799
9522
3984
9701
555
176
7454
5923
6328
3490
387
9027
8757
4009
559
9271
4611
8263
2587
7878
7549
370
9891
5519
2790
9892
6148
3309
6286
8607
7154
1478
4560
621
9798
526
8027
8853
3716
9417
619
1210
5589
7534
4195
3725
997
8535
4874
6483
2410
6724
4255
7346
9967
1183
5402
5620
845
3162
6544
7022
2933
4660
3314
4875
2348
7995
8003
5937
7235
4844
9460
8309
8066
3686
4270
7402
2001
5628
1131
8500
6579
3385
4706
2635
8911
3277
5277
9627
9532
1782
6696
8024
3608
970
4665
2031
2229
6272
2358
7096
2497
8095
3015
2568
416
1166
9449
3330
8088
7163
8044
1053
4313
1047
42
3169
1543
4878
4981
3419
8533
8612
4187
7344
8176
7867
4808
1934
2613
7970
7257
270
1552
4087
5640
6182
6034
2748
5497
4139
6973
5511
9344
3123
448
2212
2652
4264
7898
4822
6580
7513
620
5418
2045
9547
4192
364
6965
1036
5328
5907
7743
7240
2324
4791
4827
3396
3564
4739
3633
4936
8406
6725
6314
2730
6316
1139
8988
8549
9773
6168
8576
4505
6
1915
6849
8556
7885
1632
5538
4941
9914
888
7948
8201
8659
5348
5156
1511
4434
7495
6294
7086
8372
4697
1392
8918
1681
1335
1612
7051
612
9064
9691
4414
5926
3659
5915
7431
5147
5356
1845
4341
8552
4357
7669
7397
4750
9265
4743
5329
9640
5324
8426
8623
4974
806
6820
746
1572
8022
7714
6719
9874
1979
538
3566
976
5902
6335
2992
509
3539
272
9815
6668
590
3614
817
2140
8179
2103
9446
6099
8678
9796
4769
4134
6288
187
5116
8887
8211
2130
5507
1820
9909
9441
5867
6280
9576
5938
507
3224
650
7768
4488
6588
6600
9849
2239
5679
7869
5386
7628
7781
6809
5525
8727
1569
9020
5145
2542
2848
2242
607
5789
4997
5545
6948
3850
5874
541
6232
9581
512
8628
6593
8380
8875
5221
1036
6758
3004
7076
2274
7317
8052
6232
7651
822
7298
8558
2530
4469
4850
9286
7581
2497
1683
9307
2743
6702
1570
1905
5251
6586
8856
8230
4863
1431
4701
5786
267
7239
151
7979
3893
7590
2323
9657
8562
5089
62
7481
3962
8532
6641
2421
8657
3361
8839
3968
8542
5357
2573
7720
8874
1812
3285
2180
6710
4573
2390
8108
4281
3672
8099
3127
2085
3187
2038
9903
37
7036
3337
7218
4085
8065
4145
2258
9486
4707
9160
2044
7852
1865
8149
7046
270
8705
3882
3713
3066
8657
1338
4045
2474
987
8037
3212
823
3743
6961
8750
8640
619
3143
9356
3399
4142
9831
4737
9352
6634
1736
1170
4551
6647
6128
8575
6757
4980
2045
8817
5583
6840
2814
2259
8563
4231
6736
2925
5455
2752
9737
4427
360
3683
5563
492
7972
1872
9909
4646
1972
6458
924
6023
1842
1915
8913
9143
4915
8657
9376
89
5768
7526
7188
7024
8871
8557
650
2382
1617
2664
4416
7672
7136
8967
7945
7157
1503
7339
2785
7893
182
9784
9560
4574
2864
3912
8028
3746
8506
5981
103
8061
7259
9822
3586
3882
4219
3059
933
1092
8209
9724
2412
3738
9804
8987
1575
1452
5214
7026
5982
8690
8784
8887
5647
4412
8038
7556
774
3092
1969
7770
3303
9552
4250
630
2315
2867
1009
5644
8261
3843
8275
3056
9840
5669
5761
2963
9783
6884
3731
7898
3376
7121
8456
3195
3526
4469
6632
4609
1761
8065
3049
1439
8644
8902
8475
5872
2291
8705
640
924
3855
8318
4074
9015
7824
8925
6563
9380
6846
3026
7859
9959
8203
2694
7810
2744
2032
1275
5323
7780
211
1853
6424
8605
2882
8116
4096
5249
5150
342
2570
5512
9479
6266
5340
3447
3120
6470
2132
1409
9359
3081
642
2173
7316
2741
2993
8067
9970
629
8961
5648
3887
5213
8354
3914
7172
5294
5870
9373
8689
9208
1123
4435
4593
5706
6315
1778
884
6965
9499
8095
6639
9454
309
864
5677
7747
3561
1295
4928
133
9279
811
4328
3987
5962
1209
2303
6567
7801
4887
638
7882
6079
6849
6000
210
1517
5389
6817
3420
8009
4752
3730
4805
9214
6067
348
4226
6703
6529
9278
799
4040
1559
7781
3412
7428
3614
8518
788
6005
9269
9195
1823
9571
2870
1128
984
7444
1227
2394
3200
1908
890
2363
9473
7905
4828
5652
3591
3398
3995
4239
5064
3186
4073
9175
4677
580
8397
5022
9608
9366
3609
6459
6237
5955
3351
5567
3437
3957
3922
8530
4710
8447
992
1823
7910
3300
4333
5000
5990
1859
6307
9239
2788
16
3557
5587
8264
2400
3723
299
3960
3456
3320
2274
1399
8929
4295
7879
3736
9844
9508
9631
2848
3359
2823
5186
537
4682
1994
8495
4467
6553
268
7452
6502
9237
8719
5326
5906
6793
9371
6961
1335
1430
3989
1108
2993
7860
1642
5029
9834
2517
3414
2421
1155
9159
6834
4391
142
8535
777
2714
579
5452
5371
9456
2882
2887
7770
8378
5672
8821
6642
9859
5818
1710
9750
5558
6574
2413
5157
1436
730
5548
7228
7862
8004
8924
1205
7043
8296
5534
8764
6158
8568
8401
6898
8488
2397
5000
3307
733
6604
8135
8578
1558
804
2634
5037
1130
1508
3570
2683
3233
1962
2221
793
3399
7845
8433
6228
410
8892
1909
3976
6064
9927
6283
8423
3815
8011
4846
598
2634
148
628
1137
9309
1642
4032
9679
4006
5254
9303
5392
6152
2974
5036
3906
2749
7324
138
8787
8783
7229
4846
3425
5331
2997
8607
1742
9346
3007
4571
8271
5429
1938
239
211
6557
4736
2930
1968
77
5496
9455
3272
4020
3563
3933
1452
5067
7387
2668
3479
8983
7168
8494
4715
6363
7540
256
8777
9421
2334
820
9705
8579
3212
4380
4058
1482
89
6181
6003
7907
5326
6110
1736
7242
9221
595
1096
9092
7560
3226
7603
4757
5592
5081
7289
5020
5994
5458
5646
1723
9419
9693
5066
9846
4340
464
7132
8183
1257
877
7838
5676
7084
456
227
1070
8527
1348
1469
191
2438
7289
780
1087
5882
5555
3521
7706
761
7530
320
4545
2987
5930
5796
7540
6224
4287
2012
3145
2389
7214
6835
3804
6550
1490
1005
6435
3901
2482
3838
6013
2360
1068
3973
3734
5049
4528
3093
4233
8183
3003
6228
7651
6513
5311
3403
9456
4627
2091
9902
9748
5377
6316
2311
3448
7680
2160
2763
6238
2516
8898
8990
1411
7124
3287
3138
9649
6234
4740
7226
9102
4774
9642
2156
196
386
5743
5301
3054
6960
8266
7607
9947
2336
9563
7022
674
3102
997
7936
9475
9752
9513
4658
3862
5629
5951
4167
5314
7568
8531
1603
5036
7564
8154
1614
2121
4130
1696
6693
3154
7549
1184
2938
9412
2663
7599
8763
2864
8804
9301
5792
7173
8220
5161
9214
7192
7750
9959
2328
2302
2880
6129
3734
3046
4811
7536
4157
22
7555
3669
9518
3696
1565
6560
3899
640
7305
715
6115
7141
6342
8405
5695
1833
7573
8807
1317
287
1205
5124
3946
9017
1341
6353
7253
4754
6233
4239
510
4606
4684
5473
5685
8780
5684
1662
2655
5206
2074
677
6762
85
1128
5192
4130
2067
3398
6231
7597
2462
637
7737
5408
4102
4492
5081
8645
420
4681
9563
7076
4518
1311
2089
9117
475
8357
4207
5160
2904
7360
5935
4548
2308
9183
5938
4732
9926
9732
92
5464
7209
1698
2667
6991
7930
2209
6123
217
4510
2606
8040
5059
8914
7920
738
9388
8736
9510
9526
6396
4618
5932
7215
5461
4183
7133
168
3025
8967
658
8124
2075
8277
56
4636
4137
2104
8751
9869
6311
2645
7278
5932
3567
6405
2596
6174
516
7023
2554
4184
5855
8450
6213
9191
592
9264
7975
5533
9574
2170
2693
3626
6665
9524
9987
4163
8020
7861
8698
7041
7521
2302
7260
5176
7325
3828
9407
3794
8650
156
5829
4216
9571
498
4573
7260
1546
5221
8321
5542
4189
7890
32
3865
4440
3340
598
9025
9908
7205
4728
8460
8284
300
8460
7586
128
6659
7604
6834
4914
571
955
9818
526
5262
3096
7570
2007
2329
1408
1830
5853
5668
1400
4431
3834
8496
5287
3100
347
1867
6218
4386
5996
3363
2386
6253
5740
4789
9000
2450
6192
5872
3312
1955
5587
8811
2731
5661
4459
4192
6054
1170
6391
1956
8816
5006
2628
1843
4233
6136
2159
541
9702
807
1733
2503
9378
3422
1702
1711
8990
9062
8375
3024
4840
3526
7
2637
5545
7681
9417
7790
9624
4317
7169
8277
2685
283
3786
2284
4720
6424
819
3932
8384
6255
2506
6012
1343
5832
6112
7300
9274
8929
6605
7357
1799
8936
220
7320
5079
1026
6167
6567
587
2171
4125
6732
435
5002
4736
8572
8144
4416
9723
9855
6075
1918
4176
5462
4063
2752
9088
7658
7058
8473
4452
5645
7425
3628
1368
9839
9449
7428
599
5680
4129
3089
2050
6988
9716
6831
841
216
254
53
5548
5320
6684
391
491
2890
1701
9593
4490
3954
3111
48
6320
8451
4266
2838
8783
567
3490
5722
910
1228
7376
3730
977
4139
3399
2558
5018
7749
9020
218
5657
6780
2710
3264
2783
6523
1701
7991
9968
4691
8208
7004
2439
8307
1286
3147
7715
2964
2710
7754
4863
4222
8602
2818
3584
2762
3582
1051
7207
6086
1151
2611
2086
1022
5518
6395
255
7693
5667
5935
9992
5199
3007
2895
4491
946
649
542
1498
377
8986
3142
4096
5020
9701
4102
1058
5376
5646
8714
6084
2670
9067
1509
6632
563
1911
4030
6465
6292
6035
8948
7189
5963
5240
334
2769
6818
9400
5748
2663
827
1714
7188
3635
1545
9811
4802
907
8031
7674
7247
756
6003
36
9124
5217
639
3558
2491
6391
6468
6841
4026
3964
8187
1424
2238
7613
8377
693
8768
9663
2669
6241
342
6573
2570
5034
8664
8656
3948
1670
3773
237
7193
6718
1554
9720
693
1647
4343
2406
865
9466
3686
3376
66
330
817
5203
5881
9925
822
3844
5
2220
5409
306
5601
9309
991
3364
6058
5688
9626
8177
4466
7166
3862
7310
1114
3444
7798
6241
4288
4232
3708
2869
3828
1931
8972
9399
728
5948
9963
7436
724
998
4425
4405
8068
2191
8264
5147
415
7745
1624
917
9075
3526
8097
9016
690
8812
4700
9038
9427
1576
5582
9279
3607
3511
1314
636
8249
7183
9490
7323
7137
355
6914
3580
4053
4278
7865
1113
2972
4183
125
2684
385
8315
7625
4043
8624
9433
925
2799
9312
830
9827
9267
6653
2193
9353
8167
3569
9040
6528
6179
1934
41
3360
9561
8794
7637
8741
8707
3592
878
1323
7628
6943
3042
7105
8715
9849
9759
77
8985
7354
6814
6828
6564
5515
173
2660
4764
1266
8260
4216
218
4848
874
8167
9969
3318
3887
7697
4764
2597
2409
8215
9943
4033
6285
9710
1178
5841
2563
5824
4048
1285
9453
3023
8294
4500
3408
6086
8542
114
3840
7711
7123
6538
4906
538
567
3198
7290
2048
7512
4424
445
3109
18
9915
5889
8243
4382
3323
3497
3065
2919
6582
5789
9200
685
4141
2318
8373
3475
2435
7702
5687
6003
2225
782
6735
1793
5684
73
1543
9564
3956
8446
7849
7601
2193
7907
4309
5754
4700
8372
3150
4980
9183
435
4129
7758
3850
5946
2211
3373
2187
8316
6471
2124
3497
153
4712
8673
829
5472
5705
1275
7118
4383
55
3815
984
4117
7735
3266
2984
4041
4273
7033
5942
4772
8441
5500
6095
5176
8534
4689
9549
5812
1552
7188
2566
9424
3915
9612
3822
8419
5035
505
6042
9092
1794
4794
3282
7373
8765
2795
5490
1051
9704
5115
6125
7410
8537
6443
6879
606
3072
7250
9517
6532
9144
3566
6459
9718
5434
3030
1306
2182
335
8154
2139
1698
6848
3084
2117
1741
6604
2808
6623
4495
8229
9661
4298
578
503
7024
1518
1101
1734
166
9024
702
2419
3263
8381
2176
4746
7458
7029
9005
6844
5635
2678
7836
4996
8098
676
7771
3687
6573
4146
3928
3501
5045
5200
1417
3367
3326
8482
4316
6492
2959
8872
7912
7780
586
6047
3362
7519
7734
6067
8460
7299
2583
2815
1431
6785
9743
7571
5386
9827
62
641
3115
1956
6933
5412
6489
460
7161
2989
1660
8070
8226
4203
1125
527
2499
1910
4111
3405
9924
5672
9927
9002
8394
4521
1031
8844
2857
6950
3533
5731
4544
4110
9099
4094
3074
8904
8504
7306
2165
9747
8628
8456
7763
2476
1064
6089
3502
9414
5787
2904
721
6457
6306
7109
353
6505
639
1562
1298
8114
2186
7339
278
1885
973
8111
9328
9250
5304
9621
231
8026
7942
1973
1030
1871
5751
1221
7248
8306
1868
6804
3680
7497
5505
4487
3695
211
9572
13
6367
7145
5556
4944
436
1795
3380
4875
6291
9492
7423
4066
7138
4100
8998
2403
4382
6264
9333
1848
5516
703
8563
5989
8039
2715
1400
8884
6504
9386
3289
1850
3124
7105
1310
1365
8015
7700
2549
3621
1982
7732
5200
8165
6634
1573
4473
7029
8176
2379
6069
4388
7446
9729
6438
6399
1800
2949
4331
1120
1136
7619
2306
6549
8324
5773
62
6671
7306
6628
7876
9811
4438
4837
2702
7697
1955
8003
642
7550
1808
7292
93
8320
5314
7963
5529
21
3624
234
2958
1537
7644
9442
1957
8914
7077
8305
2743
2897
9433
8646
2515
7352
3887
6107
7439
5834
3906
5872
5814
1571
2162
688
192
3166
8677
1298
3215
2669
3579
8719
3765
9224
5615
346
5891
8533
4889
2849
8253
8016
1504
3743
3049
279
5645
6011
8758
9749
970
2576
2345
7305
4458
9354
7666
3890
6946
8954
1133
1561
3637
4966
8277
459
4365
8480
307
1601
8309
4721
1572
3550
8884
7666
1800
3269
19
9575
4870
9093
5040
7465
9598
9794
8395
1022
5687
848
4797
7014
6598
1454
8793
421
8048
9101
4251
3496
4614
9644
8253
838
2399
9682
6616
6788
7413
2679
5638
4965
3845
8174
118
5180
2249
6707
9402
1264
1603
1661
7899
8123
4959
2336
2524
558
6299
4179
9979
8837
2963
4249
2052
6354
1300
3869
7488
2745
8899
2639
603
5544
5110
1893
7586
3360
5887
1056
7883
7972
7097
477
527
3885
4571
4852
3810
3367
5562
512
9636
4828
7484
1403
2527
5211
9206
5205
4784
2453
6182
8034
2595
4883
461
5374
1608
7447
8084
5373
5458
7950
8719
7266
9853
7887
2703
3644
7423
4643
1154
5576
167
5329
757
2791
6850
9108
9017
2414
733
5195
6819
6308
3173
3965
1806
59
5690
2694
4747
1870
9074
5683
4248
4515
1305
2374
4191
1132
4150
9782
3237
224
5882
9527
2579
7506
545
5105
6785
8267
586
1439
30
5080
6419
503
7597
3506
1278
1393
8425
6758
3184
3269
6856
8529
9528
8246
8062
7322
6045
6037
4841
364
6239
7427
7833
4494
5872
710
8770
7776
2396
2375
9866
2372
7315
4934
1406
2935
4663
5531
6481
2443
9664
2538
1460
9906
6893
8706
2576
7465
5126
7746
1984
4126
8285
472
3260
9888
6162
8408
5248
9154
533
7525
7324
9803
2583
8527
7428
9773
7817
7385
7448
1983
5798
1973
5086
6858
3965
5423
3642
6573
6422
963
9887
3773
8501
3979
6960
9532
7372
3209
6672
8548
9499
7678
3351
5696
8547
6389
3541
7832
2953
7294
1025
8728
1078
9466
507
395
218
9024
1520
7193
3392
3883
4811
7546
5661
1184
696
2998
4642
5999
6452
7547
9713
357
7408
3993
7821
7067
6693
845
1946
4912
9777
1864
51
8942
5647
5084
1306
8715
5621
3218
394
9374
215
3563
9448
1675
6568
5249
5128
8957
689
8921
764
7903
1258
4696
4887
6231
2326
6207
9488
3040
7307
7140
4930
3747
5310
5294
3744
7041
4765
605
4950
8720
2198
1891
5482
1567
9190
7219
4082
2311
6411
9861
4879
9984
6554
3907
3094
2349
7901
6323
159
3189
8948
8912
1671
9327
2332
7975
4384
8249
2829
7644
6937
6645
4670
2183
1656
9825
6947
4975
8019
337
6630
2368
1502
475
9540
1740
1614
8207
2206
8044
3820
1825
7167
6545
4742
8196
6590
6331
143
4613
7145
8628
2167
2017
5681
5034
8981
2676
8645
4024
1264
9631
4983
5745
4797
533
2123
7944
9219
914
5245
1342
3034
1049
3137
6600
6306
8664
7894
7309
7792
9066
8644
1529
5587
7129
7013
7953
4693
6061
1936
2340
397
4870
6112
4473
369
754
4787
9051
7896
2203
1086
5390
5294
7392
3838
3036
5984
9502
4857
7297
5895
2155
6515
3663
770
7248
8701
591
7164
6992
9015
277
3021
4953
6582
5358
5981
7509
5745
649
5298
4509
9525
5503
3498
315
1801
4128
5844
1195
3308
2444
8697
7998
3785
8666
7129
8618
7628
4456
3887
3889
1407
8272
4438
8523
8014
1139
5957
3907
3817
934
7845
1004
7063
3973
4068
718
2150
6456
1506
1121
8657
7313
9321
5508
2827
5918
1529
8747
4712
3777
4097
4067
9179
1561
3098
9746
1562
1341
6749
1408
2958
7749
773
4108
6694
5413
6015
1037
5930
3863
238
6390
653
8980
2219
2276
8140
9519
6953
423
740
1789
7174
5610
4784
8900
8686
7233
975
1487
9962
3103
7812
3260
2614
4305
7015
8563
3056
8875
3433
3347
2459
6956
8437
4058
6819
2768
3649
3360
7180
1666
2564
1697
4739
860
4033
9253
6150
5933
3346
622
6543
8725
1856
5630
7435
9328
9198
7330
1273
6812
1110
6990
2942
857
5147
1158
4886
1885
5390
4807
5813
5073
6188
3184
7579
1707
5347
5312
5877
5688
7621
6941
9248
1318
1030
8462
1513
5403
5168
6406
9824
9398
4838
1645
4603
672
1205
7101
23
2030
6950
7174
2281
950
1023
6302
6402
4620
6138
2969
2785
2888
8926
1856
8162
6453
1849
9009
3300
7928
5407
1524
3545
6315
5004
7365
4566
341
661
5986
4538
9992
3949
3650
6764
103
7523
1728
8236
6530
9225
9635
2364
5136
6991
412
3544
8647
3118
492
4048
7034
6209
9823
4006
2736
1469
9112
2003
6733
8929
3769
3860
7343
2088
2592
2913
1223
5035
2985
5710
1394
8276
6628
8219
3475
4990
4
4438
6671
8600
4129
2800
7045
6424
7563
8957
9496
8588
1691
9189
746
1819
3815
199
8887
9770
5330
4094
634
9259
1518
8459
1264
576
271
6817
8583
5182
3693
2032
4179
4108
4341
5561
4477
5674
9709
3729
7624
6590
6194
5153
466
2313
8896
5529
3683
8888
8877
7413
2181
183
9010
8231
1679
9633
3671
6308
48
4018
6410
5819
8405
5549
7308
6128
7223
985
8744
2919
6468
54
9665
779
7368
1342
6998
3806
471
9110
7493
3979
5690
4899
3497
2471
6036
2410
8849
7958
6784
5952
6575
2874
3241
1392
8234
5686
4981
5835
5361
2145
9823
3817
5339
1910
2816
8189
3456
7096
5673
4103
9277
1539
303
3603
152
1726
6163
2879
6833
2732
4189
5755
9793
7105
5796
7976
9954
4898
1821
5858
6491
5621
942
5978
8806
6744
446
5724
3231
7309
3083
1264
1499
2403
2599
4252
1139
8112
2815
8182
9995
4010
4313
8598
2420
6213
154
8298
5914
2166
9042
6020
9802
3798
5669
5502
3924
1091
6822
1598
3305
9937
7089
6900
9186
3741
1477
2976
4732
3137
6845
5824
8707
2739
4538
7831
8154
9561
8143
8106
5301
6023
6520
3507
7427
1289
6343
697
5483
6172
812
1703
5089
2582
1105
5048
8805
9526
7840
3284
809
9286
289
1603
8349
1437
9267
1329
2745
9985
9190
1947
7958
185
8947
325
8729
8513
1817
4861
3501
1575
7717
9466
1532
8210
7757
6207
5210
5794
9129
6428
2894
962
3662
7619
7933
2506
120
5544
7941
2177
836
8289
1587
960
551
669
7841
9154
5663
6593
9680
9799
4564
3757
7901
8584
8073
3358
6371
7540
7861
8668
2926
9193
8585
5603
8263
6223
8334
7312
977
9342
5500
8241
7646
8960
5529
7999
5774
4992
3196
4423
1846
2322
3117
8163
1721
9724
2171
9784
9621
5298
4073
2537
9757
288
9318
3992
1582
3168
4583
5116
4129
203
8979
6991
620
3292
3435
4190
6229
4528
5749
4356
6084
8186
6756
3344
4755
4851
6357
2290
2037
5102
807
6757
4144
2713
2328
3014
9944
8896
6553
6226
6153
3340
2365
4254
449
1001
6643
1088
1513
8293
3757
5387
4030
4116
8589
2648
8479
2992
6331
5279
3141
29
4469
1109
170
2523
8548
8927
5879
8596
3110
709
6623
9990
8398
2034
81
9803
6276
1432
6750
3363
8042
2384
3384
7155
8028
8095
3490
6839
9379
3060
7290
6067
1862
5357
3983
647
9885
2762
4625
2224
4212
4841
2964
8891
5833
1392
2672
8773
338
7594
9609
8079
2606
8840
5349
9645
486
8553
1583
9916
2783
7476
6616
4019
4799
7714
5444
499
2073
9017
7704
2200
8487
2338
4046
6642
2835
6524
2962
3405
5730
4282
77
2443
1981
4279
7179
4148
1885
9354
2587
8532
291
2004
3522
8451
7746
9126
605
5681
954
7920
5233
1712
2897
1332
2816
7516
9199
5961
2763
8485
8806
2700
7646
5085
1980
9648
8813
9773
8871
3158
6569
2914
2916
2936
1982
2789
6692
9935
876
8952
2276
5076
5248
7339
5367
2819
7375
9743
9490
3916
7103
9810
3476
7732
3137
4009
7567
7368
7454
3724
2199
8609
2685
2314
7910
675
5679
2285
1994
9519
199
1161
6812
1833
9737
526
9742
9444
7454
3822
3120
7800
9889
328
4190
8342
5097
5793
2506
8546
1652
4500
3937
1999
9756
2945
9245
9
360
3137
8791
1020
4306
634
7094
3858
9584
4189
8984
217
9202
125
3580
6706
5639
6746
8362
2070
8139
1291
6000
2019
9665
2907
4202
8612
8889
7050
3564
7663
1279
9460
5871
3768
0
6174
5958
7043
9049
9116
4363
9223
1853
8544
5563
8077
8963
3278
9899
2616
1386
3418
5702
8798
8282
5651
4404
8965
9721
3993
5880
4361
6598
1961
1286
6073
8165
5913
7519
3249
3496
1039
6650
1202
4598
3772
3809
6030
2826
4214
8645
7872
6027
499
7711
7400
4035
3105
4629
8116
5871
2482
1557
3226
2242
1637
2768
3953
1382
6144
5366
6080
7728
1017
1290
5710
607
8036
8209
1641
9152
5270
7293
6578
7569
8057
8352
9173
4992
2360
5759
3782
7791
2922
9926
5399
5543
1515
306
1174
2566
1526
6958
7571
279
5679
2061
4384
3148
6764
7808
1233
2666
2004
2309
1778
4496
9936
2125
7208
4821
7278
72
1039
1998
9140
6896
6579
1145
1793
8110
6043
2810
6095
9708
5727
6415
7941
5064
6906
7105
889
1058
4746
1674
8883
1523
3716
685
8556
2250
9717
8374
4645
9539
4884
4991
244
6486
8083
9356
3705
5098
5987
3765
6591
6916
4727
1693
415
8496
8193
7987
4654
4970
4937
8436
6246
2890
6012
1515
6514
2922
9009
1431
6386
3413
4919
7207
911
5821
2346
9460
4088
7465
4308
4763
8475
8089
4224
8822
4704
7208
8874
9990
1951
5117
6530
3774
5218
3694
6687
5503
4485
4978
9264
9132
4361
5280
1421
8009
6392
5529
5773
1957
1634
3423
6465
7185
6838
5473
6845
8588
6093
4948
3335
2364
7345
8175
1736
3963
1451
9859
4223
5164
9529
4213
2741
3160
5677
4938
4603
1658
419
8062
9679
5635
8987
976
430
8154
6484
8733
1011
580
6954
1384
5533
3211
6310
2483
3967
9167
3172
4877
2257
6102
770
9592
5732
9505
4244
8789
6067
9724
660
5071
4805
3569
1254
6912
9278
2299
554
3844
2901
3378
3531
7624
2497
7799
5828
5742
4140
9565
7122
4385
8234
738
6165
9391
9170
1193
1072
3303
8875
838
6128
7296
5938
2325
6713
596
6087
7431
2779
9304
6568
9002
7108
297
7349
7955
8655
7204
9763
315
2442
7393
7164
8499
5957
8173
6403
789
7046
6867
1685
3353
2954
8919
2683
8881
1094
2751
9996
6530
1931
8446
5776
8847
5720
3181
