9997
9988
9986
9985
9976
9969
9968
9962
9954
9949
9944
9939
9937
9936
9935
9932
9931
9924
9920
9911
9911
9906
9900
9900
9898
9895
9895
9890
9887
9882
9875
9866
9865
9860
9854
9847
9841
9840
9834
9827
9822
9815
9809
9806
9799
9793
9784
9782
9774
9765
9760
9752
9747
9738
9731
9722
9722
9718
9717
9710
9702
9702
9699
9697
9688
9685
9683
9681
9677
9675
9666
9660
9656
9654
9650
9646
9638
9635
9629
9628
9628
9620
9615
9612
9607
9606
9605
9598
9591
9588
9580
9578
9574
9569
9565
9558
9551
9542
9540
9532
9523
9518
9509
9505
9499
9498
9490
9484
9483
9478
9472
9464
9456
9456
9448
9446
9443
9434
9429
9425
9422
9417
9416
9416
9412
9406
9405
9398
9397
9392
9391
9389
9383
9379
9373
9364
9364
9355
9350
9347
9345
9336
9336
9327
9322
9320
9313
9309
9300
9298
9298
9290
9281
9280
9274
9267
9258
9249
9243
9240
9232
9230
9229
9221
9218
9216
9207
9201
9193
9191
9186
9179
9170
9170
9170
9169
9167
9163
9156
9156
9156
9154
9154
9146
9143
9136
9135
9131
9124
9122
9113
9109
9109
9109
9105
9100
9097
9091
9083
9075
9066
9060
9053
9048
9044
9040
9034
9027
9019
9015
9015
9015
9013
9013
9008
8999
8997
8989
8981
8976
8968
8965
8964
8955
8954
8945
8942
8935
8931
8929
8929
8924
8915
8912
8907
8900
8898
8894
8886
8878
8877
8873
8865
8861
8859
8857
8852
8846
8843
8839
8832
8832
8824
8823
8816
8812
8812
8809
8806
8802
8797
8794
8788
8786
8785
8782
8773
8764
8761
8760
8752
8747
8739
8739
8731
8725
8725
8724
8716
8714
8709
8708
8705
8705
8703
8695
8688
8682
8676
8672
8664
8659
8657
8648
8648
8640
8640
8638
8636
8634
8630
8624
8624
8622
8613
8610
8610
8604
8599
8593
8591
8584
8577
8571
8571
8568
8568
8561
8558
8549
8545
8544
8544
8538
8536
8534
8529
8524
8518
8510
8504
8502
8497
8493
8488
8484
8479
8470
8468
8467
8461
8452
8444
8437
8431
8422
8418
8415
8414
8407
8404
8400
8391
8383
8377
8368
8366
8361
8354
8354
8350
8341
8339
8339
8334
8325
8323
8322
8316
8312
8309
8307
8298
8289
8283
8282
8273
8266
8264
8261
8252
8243
8240
8238
8234
8231
8225
8217
8215
8206
8202
8194
8186
8186
8186
8184
8182
8180
8172
8166
8163
8159
8159
8152
8148
8139
8130
8126
8120
8111
8103
8098
8091
8091
8088
8081
8081
8081
8076
8074
8074
8072
8064
8055
8049
8046
8040
8032
8023
8019
8016
8016
8007
8000
7993
7993
7986
7978
7972
7969
7965
7962
7958
7951
7946
7938
7932
7932
7927
7925
7925
7916
7908
7905
7904
7900
7891
7887
7880
7871
7870
7864
7863
7858
7851
7843
7839
7834
7826
7823
7820
7813
7808
7801
7793
7785
7776
7770
7765
7765
7763
7756
7754
7749
7743
7740
7737
7729
7721
7719
7710
7710
7710
7701
7701
7698
7696
7695
7695
7695
7690
7683
7674
7668
7664
7658
7654
7652
7649
7640
7636
7628
7623
7615
7615
7608
7600
7591
7586
7586
7582
7575
7574
7572
7568
7565
7556
7550
7545
7541
7538
7538
7536
7532
7531
7524
7516
7514
7514
7511
7502
7496
7495
7493
7484
7476
7475
7468
7466
7458
7454
7448
7448
7445
7445
7445
7440
7437
7430
7430
7427
7422
7417
7408
7399
7390
7387
7380
7380
7377
7370
7365
7362
7358
7358
7353
7345
7341
7335
7326
7323
7314
7310
7303
7296
7292
7286
7277
7274
7270
7267
7263
7258
7250
7248
7243
7237
7231
7222
7216
7210
7207
7204
7198
7197
7195
7192
7184
7175
7166
7162
7155
7153
7152
7145
7141
7135
7133
7126
7124
7118
7117
7108
7101
7101
7100
7098
7095
7089
7088
7082
7080
7077
7073
7069
7060
7055
7055
7053
7050
7050
7045
7039
7031
7026
7020
7017
7014
7010
7005
6998
6991
6989
6982
6975
6969
6962
6962
6960
6957
6956
6948
6947
6945
6937
6931
6930
6929
6920
6913
6907
6902
6901
6894
6890
6889
6886
6881
6875
6868
6860
6859
6852
6850
6849
6841
6834
6831
6828
6824
6815
6808
6802
6798
6790
6786
6784
6780
6774
6770
6763
6763
6761
6756
6753
6746
6739
6734
6732
6725
6723
6719
6719
6718
6716
6710
6703
6700
6691
6684
6682
6673
6667
6663
6660
6654
6647
6641
6639
6639
6636
6636
6633
6632
6632
6625
6625
6620
6611
6605
6598
6590
6582
6575
6566
6565
6565
6560
6553
6546
6539
6538
6534
6531
6529
6521
6514
6507
6504
6500
6491
6491
6484
6483
6474
6470
6470
6464
6464
6459
6457
6457
6451
6451
6447
6438
6431
6422
6415
6411
6405
6402
6398
6396
6388
6385
6382
6381
6373
6369
6364
6362
6360
6360
6351
6343
6337
6333
6332
6325
6319
6315
6310
6301
6293
6291
6288
6283
6276
6267
6267
6262
6260
6260
6260
6252
6244
6237
6228
6224
6216
6214
6205
6205
6201
6197
6192
6185
6177
6172
6166
6161
6156
6152
6145
6145
6138
6134
6134
6134
6127
6124
6117
6109
6101
6092
6084
6083
6076
6073
6070
6069
6065
6065
6061
6057
6055
6050
6049
6047
6039
6039
6035
6027
6026
6026
6026
6018
6011
6008
5999
5993
5989
5981
5981
5973
5973
5964
5957
5952
5950
5945
5940
5936
5934
5930
5923
5921
5920
5917
5909
5907
5906
5898
5893
5887
5881
5876
5874
5870
5866
5862
5859
5859
5857
5855
5846
5839
5837
5837
5828
5819
5816
5815
5810
5808
5799
5790
5786
5781
5773
5771
5762
5759
5750
5745
5738
5735
5734
5728
5722
5714
5714
5713
5708
5702
5694
5685
5681
5680
5679
5674
5673
5666
5657
5650
5642
5637
5630
5628
5619
5612
5606
5602
5598
5593
5586
5584
5577
5569
5563
5563
5559
5559
5554
5547
5538
5531
5531
5528
5528
5520
5519
5512
5512
5509
5505
5500
5494
5487
5487
5479
5478
5478
5472
5465
5458
5456
5450
5445
5443
5436
5427
5418
5412
5406
5401
5398
5389
5385
5382
5381
5375
5371
5370
5370
5366
5360
5353
5347
5342
5339
5337
5335
5332
5323
5317
5310
5303
5296
5292
5290
5284
5276
5269
5267
5258
5253
5245
5245
5243
5238
5232
5223
5222
5220
5211
5202
5193
5184
5181
5177
5174
5171
5163
5157
5150
5147
5138
5129
5123
5115
5114
5107
5102
5096
5096
5091
5087
5082
5082
5079
5074
5067
5059
5051
5049
5046
5043
5041
5039
5037
5032
5027
5025
5022
5020
5015
5011
5003
4998
4997
4993
4984
4983
4977
4975
4975
4968
4962
4961
4959
4958
4949
4941
4932
4930
4925
4916
4912
4909
4900
4900
4894
4892
4891
4889
4886
4879
4879
4872
4865
4856
4849
4847
4840
4838
4834
4828
4823
4819
4817
4817
4814
4805
4800
4795
4793
4784
4784
4780
4778
4769
4763
4760
4756
4747
4741
4733
4728
4721
4713
4713
4706
4705
4696
4689
4683
4679
4670
4668
4665
4659
4654
4646
4640
4636
4631
4622
4616
4612
4611
4611
4611
4608
4605
4604
4601
4596
4595
4589
4587
4585
4577
4568
4567
4567
4566
4557
4555
4546
4538
4530
4525
4518
4518
4515
4510
4501
4493
4490
4484
4475
4466
4465
4464
4459
4452
4451
4447
4445
4441
4441
4438
4436
4434
4425
4416
4415
4413
4405
4403
4400
4400
4398
4396
4390
4382
4373
4365
4359
4350
4348
4341
4340
4334
4329
4325
4321
4315
4311
4310
4309
4300
4291
4291
4283
4280
4279
4279
4278
4278
4272
4271
4271
4267
4264
4262
4258
4251
4246
4240
4240
4240
4240
4239
4235
4235
4228
4227
4225
4220
4212
4203
4201
4193
4188
4183
4183
4179
4178
4173
4170
4165
4161
4155
4150
4147
4145
4139
4133
4130
4128
4127
4121
4121
4118
4113
4108
4099
4096
4090
4084
4083
4083
4075
4073
4070
4064
4056
4051
4047
4045
4039
4035
4028
4021
4016
4008
4003
3998
3991
3984
3983
3979
3970
3964
3961
3953
3945
3943
3938
3937
3933
3931
3922
3917
3912
3909
3902
3893
3888
3888
3880
3877
3869
3868
3862
3861
3856
3850
3849
3843
3837
3829
3828
3821
3814
3805
3802
3800
3794
3790
3788
3785
3784
3778
3770
3761
3758
3750
3744
3741
3738
3729
3728
3726
3724
3719
3714
3712
3710
3701
3695
3690
3689
3681
3680
3680
3673
3669
3662
3656
3650
3649
3642
3641
3640
3633
3631
3631
3623
3614
3608
3602
3595
3595
3591
3590
3585
3582
3578
3571
3566
3564
3561
3557
3553
3553
3550
3547
3547
3544
3544
3544
3539
3537
3529
3520
3513
3512
3512
3509
3506
3501
3492
3488
3485
3482
3473
3468
3465
3465
3462
3455
3451
3442
3437
3432
3430
3427
3422
3421
3419
3419
3415
3415
3410
3409
3408
3406
3405
3396
3389
3380
3373
3371
3364
3362
3353
3349
3340
3337
3337
3328
3328
3328
3325
3317
3311
3304
3301
3294
3293
3289
3288
3279
3272
3264
3255
3252
3248
3242
3237
3231
3223
3223
3216
3213
3210
3203
3196
3191
3182
3177
3170
3164
3159
3159
3154
3145
3140
3137
3130
3127
3120
3116
3109
3105
3100
3095
3089
3082
3075
3072
3066
3066
3066
3057
3056
3047
3046
3041
3032
3030
3025
3017
3008
3001
2996
2987
2985
2979
2976
2969
2961
2956
2948
2940
2938
2931
2930
2922
2915
2915
2908
2900
2892
2885
2882
2875
2875
2874
2867
2867
2867
2866
2864
2860
2853
2852
2844
2844
2840
2840
2833
2832
2827
2825
2823
2818
2817
2811
2809
2805
2799
2792
2788
2781
2774
2765
2761
2759
2756
2748
2741
2736
2728
2724
2723
2722
2720
2712
2712
2704
2703
2700
2694
2689
2684
2682
2677
2672
2669
2661
2655
2651
2648
2647
2645
2643
2637
2629
2621
2613
2609
2608
2601
2595
2592
2586
2585
2584
2576
2571
2566
2563
2557
2548
2548
2545
2536
2528
2526
2526
2524
2524
2521
2515
2511
2508
2503
2496
2489
2487
2481
2477
2469
2460
2453
2448
2442
2434
2431
2423
2421
2420
2413
2404
2403
2403
2397
2394
2389
2385
2378
2373
2366
2364
2357
2349
2345
2343
2338
2334
2328
2327
2322
2321
2313
2304
2298
2295
2288
2288
2282
2274
2271
2271
2267
2262
2258
2249
2244
2240
2236
2231
2229
2221
2218
2209
2204
2196
2189
2184
2181
2180
2176
2170
2166
2165
2159
2155
2149
2144
2140
2137
2128
2121
2112
2105
2097
2094
2094
2088
2082
2081
2078
2077
2070
2070
2065
2061
2059
2058
2055
2047
2042
2040
2035
2033
2026
2023
2014
2014
2005
2002
1998
1998
1996
1991
1984
1976
1968
1967
1964
1957
1953
1947
1944
1937
1929
1920
1917
1914
1910
1908
1901
1901
1898
1894
1891
1890
1887
1887
1881
1881
1872
1871
1866
1861
1859
1859
1859
1853
1851
1850
1843
1835
1835
1832
1824
1822
1817
1812
1805
1798
1793
1789
1789
1786
1777
1775
1775
1775
1774
1774
1771
1763
1759
1758
1751
1748
1748
1743
1743
1741
1737
1734
1727
1720
1717
1712
1710
1701
1701
1698
1697
1697
1697
1696
1687
1685
1676
1671
1668
1668
1666
1663
1656
1653
1646
1638
1633
1627
1625
1621
1613
1612
1611
1608
1605
1604
1597
1594
1593
1586
1581
1573
1567
1565
1564
1561
1556
1547
1547
1545
1544
1537
1532
1526
1523
1522
1514
1509
1508
1500
1499
1491
1488
1488
1481
1474
1473
1467
1462
1456
1449
1446
1441
1433
1428
1421
1420
1414
1410
1409
1408
1408
1407
1405
1405
1399
1396
1391
1382
1380
1371
1368
1363
1363
1362
1353
1351
1350
1346
1337
1335
1331
1327
1323
1318
1317
1308
1305
1300
1296
1292
1284
1284
1279
1276
1271
1271
1266
1258
1254
1254
1251
1247
1242
1241
1239
1230
1226
1226
1223
1215
1210
1210
1203
1195
1191
1187
1185
1181
1179
1174
1171
1169
1164
1162
1158
1158
1154
1146
1137
1132
1129
1128
1125
1121
1117
1114
1112
1112
1104
1103
1098
1097
1089
1089
1081
1079
1076
1068
1063
1062
1054
1046
1038
1030
1028
1028
1025
1020
1012
1009
1002
993
