995
995
991
991
983
981
973
969
963
956
949
941
933
924
915
907
907
907
898
889
883
882
882
873
870
865
858
857
852
844
838
832
829
825
818
811
807
800
800
799
799
796
795
788
788
785
784
778
778
778
773
771
770
763
755
755
747
744
736
728
722
720
711
704
698
696
688
684
676
667
663
657
648
647
646
646
637
634
628
628
628
627
624
615
612
605
605
601
595
587
587
583
581
580
580
573
566
557
552
546
537
528
522
513
513
504
497
496
495
488
487
483
475
471
465
460
451
450
447
443
438
430
427
425
416
410
404
402
402
393
390
381
372
372
367
362
355
354
353
345
339
333
325
321
321
315
313
307
303
294
286
284
284
283
278
270
265
258
256
247
241
233
230
227
220
213
205
204
195
188
188
182
178
175
172
169
168
162
160
160
154
146
143
134
133
129
124
124
118
117
111
109
103
95
90
84
75
74
71
64
