2
2
3
7
10
11
11
13
15
16
19
19
20
24
24
28
32
36
37
39
43
45
48
48
49
53
54
54
58
60
62
64
67
68
70
71
74
76
79
82
86
89
90
94
94
96
100
100
103
105
109
112
113
116
120
121
123
123
125
129
129
129
131
134
135
136
137
141
142
142
144
145
145
149
150
150
150
153
157
161
162
163
164
165
169
169
173
176
179
180
181
184
186
190
194
196
196
196
198
202
205
205
208
212
216
218
222
225
228
232
232
235
235
239
239
243
245
247
250
251
251
252
255
255
259
262
264
264
264
267
267
270
274
277
279
279
281
285
287
291
295
299
300
303
304
307
309
312
312
314
316
317
319
322
323
325
325
329
329
331
335
337
340
343
344
344
346
350
350
354
354
358
361
363
365
368
371
374
377
380
380
384
388
392
392
396
400
400
402
405
406
409
411
411
414
418
418
418
419
420
