1
1
3
3
6
7
11
15
16
19
19
19
20
21
25
28
30
30
33
33
33
34
34
34
34
34
35
36
39
43
45
49
51
51
52
52
52
54
57
57
61
65
69
69
72
75
79
83
86
87
87
91
92
93
93
95
95
99
101
103
105
106
107
108
109
110
114
114
118
122
125
128
128
130
130
131
133
134
134
135
136
140
143
145
148
149
151
155
158
158
159
159
159
162
166
167
168
169
169
173
173
177
179
183
184
186
190
190
190
191
192
192
195
198
198
200
203
203
207
210
214
216
216
216
219
222
225
225
229
230
230
231
231
234
234
238
241
245
248
248
249
250
253
256
259
262
264
267
270
272
276
277
279
282
286
288
288
289
291
294
298
299
302
306
307
311
314
318
318
321
325
326
329
331
333
333
335
337
338
338
339
341
342
346
347
351
353
356
360
361
365
366
369
370
374
374
378
378
381
381
384
385
388
392
396
398
402
404
405
408
408
411
414
418
418
419
422
422
423
423
423
426
429
433
434
437
441
442
446
446
449
453
456
460
461
463
466
468
468
468
471
472
473
475
477
479
479
481
483
487
487
491
495
495
495
499
500
504
508
511
513
514
514
516
518
521
525
528
532
534
538
542
542
542
545
549
552
555
555
555
556
556
558
562
563
567
571
575
577
579
582
585
589
590
591
592
594
598
602
602
603
604
608
611
614
617
619
621
624
628
631
632
633
634
637
639
639
640
640
640
644
644
648
650
653
657
660
664
666
668
668
672
676
679
680
680
684
685
686
687
688
691
691
694
695
696
696
696
696
700
700
701
703
703
705
706
710
710
710
711
712
716
718
719
720
721
725
727
729
731
732
735
735
739
741
742
746
750
751
752
754
758
760
763
767
770
773
773
773
775
776
780
782
783
787
790
793
797
799
803
805
808
810
813
817
820
822
825
829
833
834
836
840
841
843
845
849
850
854
855
859
863
865
867
869
869
872
872
872
874
877
881
885
887
889
889
893
897
901
905
909
909
912
915
918
919
923
923
925
925
926
928
930
934
935
936
937
937
937
941
941
944
946
948
952
955
957
960
960
964
965
966
966
968
968
970
972
973
975
978
978
980
980
980
983
983
985
989
989
991
991
993
995
996
998
1002
1006
1007
1008
1012
1014
1015
1016
1018
1021
1023
1024
1027
1027
1029
1032
1036
1038
1038
1040
1042
1044
1048
1049
1053
1056
1058
1059
1062
1064
1068
1070
1074
1076
1076
1079
1083
1084
1087
1088
1091
1091
1093
1093
1095
1099
1102
1103
1107
1111
1112
1114
1114
1116
1117
1117
1120
1121
1124
1127
1128
1129
1132
1136
1136
1140
1144
1147
1148
1152
1154
1157
1159
1162
1162
1166
1167
1169
1169
1173
1173
1175
1178
1180
1182
1184
1185
1189
1189
1191
1192
1193
1197
1201
1203
1203
1205
1207
1209
1209
1209
1212
1213
1216
1220
1222
1222
1225
1225
1228
1228
1231
1234
1236
1237
1241
1245
1248
1251
1255
1256
1258
1259
1260
1261
1262
1263
1263
1266
1269
1272
1274
1274
1278
1278
1282
1286
1286
1286
1287
1289
1291
1295
1295
1295
1295
1296
1298
1302
1304
1306
1308
1311
1315
1318
1318
1321
1321
1325
1328
1328
1330
1330
1334
1334
1334
1335
1339
1343
1346
1347
1347
1347
1351
1353
1356
1357
1358
1362
1365
1365
1365
1366
1366
1366
1370
1371
1374
1377
1378
1382
1386
1386
1386
1387
1387
1388
1389
1390
1394
1396
1396
1399
1403
1406
1409
1410
1411
1413
1416
1420
1424
1426
1428
1428
1430
1431
1432
1435
1436
1438
1440
1442
1446
1450
1453
1454
1456
1459
1462
1462
1463
1465
1466
1470
1470
1474
1478
1480
1480
1481
1482
1482
1484
1485
1485
1485
1487
1487
1489
1491
1491
1495
1496
1497
1497
1500
1500
1502
1505
1507
1510
1513
1517
1518
1518
1522
1525
1525
1526
1526
1527
1531
1531
1533
1536
1539
1540
1540
1542
1542
1542
1544
1546
1549
1552
1552
1555
1555
1559
1561
1565
1567
1570
1571
1575
1577
1580
1584
1588
1592
1596
1597
1599
1602
1603
1606
1606
1609
1613
1617
1621
1625
1629
1629
1631
1632
1635
1639
1639
1643
1647
1651
1655
1658
1660
1660
1660
1660
1663
1664
1667
1671
1671
1672
1673
1673
1673
1677
1679
1681
1685
1687
1691
1692
1696
1697
1700
1700
1703
1706
1708
1712
1716
1720
1724
1728
1729
1730
1734
1734
1735
1736
1736
1737
1740
1741
1743
1747
1749
1749
1752
1756
1757
1760
1761
1765
1768
1771
1773
1776
1780
1781
1784
1788
1790
1790
1792
1792
1794
1795
1796
1798
1799
1801
1803
1804
1806
1807
1808
1810
1814
1817
1819
1822
1824
1824
1825
1826
1829
1833
1833
1833
1833
1833
1833
1837
1838
1841
1841
1844
1845
1849
1849
1852
1853
1853
1855
1858
1861
1861
1862
1863
1865
1868
1872
1874
1875
1878
1878
1879
1880
1883
1886
1886
1890
1894
1896
1898
1898
1901
1904
1906
1910
1911
1915
1915
1917
1921
1923
1926
1929
1931
1934
1937
1937
1939
1939
1943
1944
1948
1949
1951
1953
1954
1958
1961
1961
1965
1965
1966
1969
1973
1973
1976
1979
1982
1986
1987
1991
1991
1995
1997
1998
1998
2000
2004
2005
2006
2008
2008
2010
2013
2017
2019
2023
2023
2023
2023
2023
2025
2026
2027
2031
2033
2036
2037
2037
2040
2044
2044
2044
2046
2046
2049
2050
2053
2056
2059
2061
2063
2066
2069
2070
2074
2075
2078
2082
2085
2087
2087
2088
2090
2091
2094
2098
2102
2103
2105
2109
2113
2115
2119
2120
2122
2122
2122
2124
2127
2127
2130
2133
2136
2140
2144
2144
2145
2147
2147
2147
2149
2152
2154
2156
2156
2160
2160
2160
2163
2164
2168
2169
2172
2174
2174
2174
2174
2177
2180
2180
2184
2188
2190
2190
2191
2195
2196
2200
2203
2206
2210
2213
2216
2219
2219
2222
2224
2228
2229
2232
2234
2237
2238
2238
2239
2242
2243
2247
2251
2251
2255
2256
2256
2258
2260
2262
2266
2268
2272
2275
2279
2281
2285
2286
2288
2292
2294
2296
2299
2299
2302
2306
2307
2310
2311
2312
2314
2316
2316
2316
2320
2323
2327
2327
2327
2330
2330
2332
2332
2332
2334
2336
2338
2338
2340
2341
2341
2342
2345
2348
2351
2353
2356
2359
2361
2363
2364
2367
2371
2373
2376
2380
2384
2387
2391
2392
2396
2398
2398
2398
2398
2398
2401
2402
2404
2405
2405
2409
2412
2413
2414
2415
2416
2420
2420
2422
2424
2424
2425
2425
2428
2432
2436
2440
2440
2443
2445
2448
2451
2452
2456
2458
2460
2462
2463
2466
2469
2471
2472
2476
2477
2481
2482
2484
2488
2490
2492
2496
2498
2502
2504
2508
2511
2514
2518
2521
2524
2526
2526
2527
2529
2532
2533
2533
2534
2537
2539
2540
2540
2544
2546
2548
2552
2552
2555
2558
2562
2563
2565
2569
2572
2574
2577
2578
2578
2578
2579
2582
2583
2585
2589
2593
2593
2593
2595
2598
2599
2599
2600
2604
2606
2608
2610
2610
2613
2615
2617
2617
2621
2623
2625
2625
2629
2629
2630
2632
2636
2638
2639
2640
2643
2646
2647
2648
2648
2648
2648
2652
2656
2657
2660
2660
2663
2666
2667
2670
2672
2673
2674
2674
2675
2676
2679
2679
2679
2681
2682
2686
2688
2688
2690
2693
2697
2699
2702
2706
2708
2709
2712
2713
2714
2715
2717
2721
2725
2727
2731
2735
2736
2738
2739
2741
2743
2746
2747
2751
2753
2756
2757
2758
2761
2762
2765
2769
2770
2772
2774
2776
2780
2784
2786
2786
2788
2788
2791
2795
2795
2796
2797
2801
2805
2806
2807
2809
2810
2811
2812
2815
2815
2818
2820
2823
2825
2825
2827
2827
2831
2835
2839
2843
2846
2846
2849
2849
2852
2855
2855
2858
2862
2864
2866
2867
2869
2869
2872
2874
2876
2877
2880
2881
2884
2886
2886
2889
2893
2896
2896
2896
2897
2901
2903
2903
2906
2910
2911
2913
2915
2915
2916
2920
2920
2924
2924
2927
2931
2931
2931
2933
2934
2937
2939
2942
2945
2945
2946
2947
2951
2951
2954
2958
2959
2963
2965
2967
2969
2971
2971
2974
2978
2980
2984
2984
2984
2984
2984
2984
2988
2988
2992
2993
2997
3000
3004
3008
3011
3012
3013
3014
3016
3017
3021
3021
3022
3026
3030
3032
3032
3033
3035
3037
3040
3044
3046
3047
3050
3053
3055
3058
3060
3062
3064
3068
3071
3074
3074
3077
3080
3082
3082
3083
3083
3085
3086
3089
3091
3095
3096
3098
3100
3103
3106
3108
3108
3108
3111
3111
3111
3113
3117
3118
3119
3119
3122
3126
3126
3130
3130
3130
3131
3134
3137
3140
3142
3144
3145
3145
3145
3146
3147
3147
3150
3151
3155
3159
3162
3164
3167
3169
3170
3172
3173
3175
3177
3179
3181
3181
3184
3186
3188
3190
3191
3194
3198
3201
3204
3204
3208
3209
3209
3210
3210
3214
3218
3220
3220
3220
3220
3222
3225
3225
3229
3230
3230
3230
3230
3233
3235
3239
3239
3243
3244
3246
3247
3248
3252
3253
3254
3254
3254
3258
3260
3260
3264
3267
3270
3273
3275
3278
3282
3282
3286
3286
3290
3291
3291
3291
3295
3295
3295
3296
3296
3298
3298
3300
3304
3306
3308
3308
3312
3315
3317
3317
3317
3320
3323
3327
3330
3331
3332
3332
3334
3335
3338
3341
3343
3344
3346
3348
3349
3352
3355
3358
3362
3366
3369
3371
3372
3376
3376
3379
3379
3382
3386
3388
3392
3394
3394
3394
3397
3397
3398
3398
3400
3401
3401
3405
3408
3410
3411
3414
3417
3420
3420
3421
3421
3425
3429
3433
3433
3433
3433
3433
3433
3435
3439
3439
3442
3443
3446
3447
3448
3450
3452
3452
3455
3456
3460
3461
3464
3466
3468
3468
3469
3472
3472
3475
3476
3477
3479
3481
3481
3482
3483
3484
3486
3486
3489
3492
3495
3496
3498
3498
3501
3501
3504
3508
3510
3512
3512
3516
3520
3521
3521
3521
3525
3526
3527
3528
3528
3528
3530
3531
3532
3533
3534
3534
3534
3535
3537
3537
3538
3540
3542
3546
3546
3547
3547
3551
3554
3556
3560
3563
3567
3571
3571
3574
3576
3579
3583
3587
3590
3594
3596
3598
3599
3599
3603
3604
3607
3608
3610
3614
3617
3618
3620
3623
3625
3626
3630
3630
3634
3637
3640
3644
3644
3648
3651
3653
3657
3657
3657
3659
3662
3663
3665
3667
3667
3670
3673
3673
3676
3680
3684
3688
3690
3694
3696
3697
3698
3702
3704
3708
3709
3712
3715
3718
3718
3722
3725
3725
3725
3728
3732
3732
3733
3734
3736
3739
3741
3744
3746
3747
3749
3753
3753
3757
3759
3760
3761
3762
3765
3767
3767
3769
3773
3775
3778
3782
3782
3783
3784
3786
3788
3789
3790
3793
3793
3794
3796
3800
3803
3804
3807
3807
3809
3810
3813
3814
3816
3819
3823
3825
3825
3825
3827
3829
3832
3833
3834
3837
3841
3843
3846
3850
3853
3857
3861
3863
3867
3870
3874
3878
3882
3884
3886
3887
3889
3891
3895
3895
3898
3902
3902
3904
3905
3908
3908
3908
3910
3910
3910
3910
3910
3914
3918
3921
3922
3924
3928
3928
3932
3936
3938
3939
3941
3942
3946
3947
3948
3952
3952
3954
3954
3955
3957
3960
3960
3961
3965
3968
3971
3973
3973
3975
3976
3979
3981
3981
3985
3985
3988
3988
3990
3990
3990
